 Normal termination of Gaussian 16 at Fri Jun 10 22:05:18 2022.
 File lengths (MBytes):  RWF=    122 Int=      0 D2E=      0 Chk=     32 Scr=      1
 Elapsed time:       0 days  0 hours  6 minutes  4.8 seconds.
 Job cpu time:       0 days  1 hours 12 minutes 51.4 seconds.
                               -- A. Whitney Brown
 I am a vegetarian because I hate plants.
 I am not a vegetarian because I love animals;


 02291,0.00000097,-0.00001339,-0.00002270,-0.00000188\\\@
 012402,0.00000176,-0.00001351,0.00002281,0.00000165,-0.00001366,-0.000
 0012383,-0.00000181,-0.00001373,0.00002297,-0.00000073,0.00001166,0.00
 0000122,-0.00000007,-0.00010879,-0.00010325,0.00000030,0.00001193,-0.0
 .00002143,-0.00000010,0.00026325,0.00000924,0.00000034,-0.00003102,0.0
 5,0.00021726,0.00000003,0.00001121,0.00002095,0.00000007,0.00001044,-0
 .00003119,-0.00000120,0.00000004,-0.00011916,-0.00021645,0.,-0.0001186
 .00010784,0.00010204,-0.00000029,0.00026244,-0.00000874,-0.00000029,-0
 01050290,0.01086745,-0.02161526,-0.09400148,-0.09531316,0.23934209\\-0
 0.08459869,0.08806679,-0.22413661,0.00013909,-0.00009562,0.00042188,0.
 3,-0.00218477,-0.00191859,0.00167726,0.00019213,0.00025374,0.00087735,
 8930,0.00001548,0.00000615,0.00004428,0.00047772,-0.00069527,0.0002784
 01114,0.00001280,0.00000194,0.00003654,-0.00048841,-0.00009579,-0.0003
 0009995,0.00015222,-0.00037574,-0.00002867,0.00003945,0.00001910,0.000
 .00030640,0.00007917,0.00003131,-0.00002541,0.00039947,0.00039703,-0.0
 ,0.09414705,0.00040280,-0.00154447,0.00329985,-0.00033724,0.00039515,0
 2,-0.00300484,-0.00009562,0.00563783,0.00633230,-0.01086773,0.04880811
 9,0.00164168,-0.00025374,-0.04071600,-0.08899177,0.08758280,-0.0015380
 27,-0.00188803,0.00034067,-0.01006287,-0.00881703,0.02359225,0.0007931
 864,0.00014823,-0.00141821,0.00003896,-0.00005406,0.00003844,-0.000706
 01270,0.00001430,0.00001738,-0.00009088,0.00003241,0.00025004,-0.00095
 025545,-0.00012401,0.00012432,0.00018262,-0.00000303,-0.00002526,0.000
 00068237,0.00040470,0.00020550,-0.00003647,0.00001418,0.00014048,-0.00
 .00563778,-0.01050307,0.09327460,-0.00179116,0.00014792,-0.00431816,0.
 ,-0.04202714,0.08752859,0.00034569,0.00153801,-0.00013909,0.00631071,0
 3,0.00171346,-0.00565333,0.00062478,-0.00079318,0.00019213,-0.08667972
 4,-0.00020430,0.00009565,-0.00386225,-0.00067508,-0.00099707,0.0008521
 22,0.00000057,0.00013643,0.00047330,-0.00080176,-0.00128148,-0.0002378
 45,0.00042417,0.00021076,-0.00013631,-0.00002494,-0.00008942,-0.000003
 25,0.00039375,0.00085926,-0.00059100,-0.00069543,-0.00147781,-0.000429
 08,-0.01237937,0.02531688,0.00140690,-0.00091464,-0.00019694,-0.000209
 9213,-0.00025374,0.00087734,0.09400023,0.09531280,0.23933803,-0.011139
 3908,0.00009564,0.00042188,-0.08459732,-0.08806622,-0.22413269,-0.0001
 0047773,0.00069527,0.00027843,0.00218482,0.00191862,0.00167738,-0.0001
 0048844,0.00009579,-0.00038930,-0.00001548,-0.00000615,0.00004428,-0.0
 00003945,-0.00001910,0.00001114,-0.00001280,-0.00000194,0.00003654,0.0
 0039948,-0.00039703,-0.00009995,-0.00015222,0.00037574,-0.00002867,-0.
 033724,-0.00039516,0.00030640,-0.00007917,-0.00003131,-0.00002541,-0.0
 .00025374,0.04880846,0.09414825,-0.00040280,0.00154450,0.00329986,0.00
 0.00009564,-0.04071610,-0.08899279,-0.08758226,0.00079319,0.00164168,0
 .00034066,-0.01006292,-0.00881726,-0.02359215,-0.00153801,-0.00300483,
 00141820,0.00003896,-0.00005406,-0.00003844,-0.00070634,-0.00188803,-0
 .00001738,-0.00009088,0.00003241,-0.00025004,-0.00095864,0.00014824,0.
 -0.00012432,0.00018261,-0.00000302,0.00002526,0.00001270,0.00001430,-0
 0.00020550,-0.00003647,0.00001418,-0.00014048,-0.00025547,-0.00012402,
 2,0.09327491,-0.00179123,0.00014795,0.00431815,0.00068237,0.00040469,-
 ,-0.08667993,-0.04202728,-0.08752723,0.00062478,-0.00079319,-0.0001921
 9708,0.00085215,0.00171347,0.00565327,0.00034568,0.00153800,0.00013908
 148,-0.00023784,-0.00020430,-0.00009565,-0.00386231,-0.00067515,0.0009
 8942,-0.00000322,0.00000057,-0.00013643,0.00047333,-0.00080177,0.00128
 7780,-0.00042946,0.00042418,-0.00021077,-0.00013631,-0.00002494,0.0000
 9695,-0.00020925,0.00039375,-0.00085926,-0.00059100,-0.00069544,0.0014
 4142,-0.01113915,-0.01237959,-0.02531675,0.00140692,-0.00091462,0.0001
 161523,0.00218477,-0.00191858,0.00167726,0.09400112,-0.09531302,0.2393
 329985,-0.08459834,0.08806663,-0.22413596,-0.01050289,0.01086746,-0.02
 030640,-0.00007917,0.00003131,-0.00002541,-0.00040280,-0.00154447,0.00
 .00003653,-0.00003945,0.00001910,0.00001114,0.00033724,0.00039515,0.00
 0.00002867,-0.00039947,0.00039703,-0.00009995,-0.00001280,0.00000194,0
 0.00038930,-0.00001548,0.00000615,0.00004428,-0.00015222,-0.00037574,-
 0.09414716,-0.00047771,-0.00069527,0.00027842,0.00048841,-0.00009579,-
 ,0.00633230,-0.01086771,0.01006286,-0.00881701,0.02359222,-0.04880805,
 9,0.00014788,-0.00431811,0.04071591,-0.08899186,0.08758262,-0.00563783
 68237,0.00040470,0.00020550,0.00003647,0.00001418,0.00014048,0.0017911
 0009088,0.00003241,0.00025004,-0.00001270,0.00001430,0.00001738,-0.000
 00018262,-0.00000302,-0.00002526,0.00025546,-0.00012401,0.00012432,0.0
 00095864,0.00014823,-0.00141821,-0.00003896,-0.00005406,0.00003844,-0.
 -0.00171347,0.00565338,0.09327450,0.00070630,-0.00188803,0.00034067,0.
 5,0.04202706,-0.08752821,0.00631068,-0.00563777,0.01050302,0.00085213,
 ,-0.00039375,-0.00085925,-0.01113902,0.01237942,-0.02531688,-0.0866796
 631,0.00002494,0.00008942,0.00140690,0.00091463,0.00019694,-0.00020925
 100,0.00069543,0.00147780,-0.00000322,-0.00000057,-0.00013643,-0.00013
 84,0.00020430,-0.00009565,-0.00042945,-0.00042417,-0.00021077,-0.00059
 86225,0.00067508,0.00099706,0.00047330,0.00080176,0.00128147,-0.000237
 65331,-0.02359215,0.00167737,-0.00000172,-0.00000094,0.57707541,-0.003
 0000002,0.00000003,0.01677573,0.00000002,0.00000021,-0.08599704,-0.005
 83547,0.,0.,-0.00121870,0.00000005,0.,0.00866854,0.,0.,-0.00067488,0.0
 ,-0.00000005,0.00744752,-0.00000003,0.00000004,-0.00116943,0.,0.,0.000
 178871,0.00000003,0.00000002,-0.00121244,0.,0.,-0.00382679,-0.00000002
 .00881728,0.00191861,0.12489679,0.42581646,0.00000023,0.00000006,-0.07
 .04792812,0.00000018,-0.00710748,-0.13315949,0.00000019,-0.00171349,-0
 00297193,0.00000004,-0.00079186,-0.00030485,-0.00000001,-0.04618226,-0
 057458,0.00051890,0.00000001,-0.00002177,0.00009210,0.,-0.00202874,-0.
 ,0.,0.00356371,-0.00091901,0.,-0.00011462,-0.00188839,-0.00000001,0.00
 0.05187974,0.,0.00833646,0.00806550,-0.00000005,-0.00096560,0.00017743
 ,-0.00000004,0.00085215,0.01006290,-0.00218480,0.45804777,0.00732216,-
 .00037481,0.,-0.04888782,-0.03992566,0.00000017,-0.04474883,0.00710732
 0.,-0.00012336,0.00010989,0.,-0.00196439,-0.00126459,0.,-0.00020644,-0
 0.00000001,-0.00005362,-0.00207708,-0.00000001,0.00023765,-0.00026868,
 -0.00143165,0.00000003,0.00021055,0.00035522,0.,0.00253559,0.00425129,
 ,0.09531254,0.23933777,-0.18478223,-0.03007170,0.00000023,-0.00860953,
 3,0.00154448,0.00329985,0.08459685,-0.08806595,-0.22413243,-0.09399976
 25,-0.00039516,0.00030641,0.00007917,-0.00003131,-0.00002541,0.0004028
 280,-0.00000194,0.00003654,0.00003945,-0.00001910,0.00001114,-0.000337
 5222,0.00037575,-0.00002867,0.00039948,-0.00039703,-0.00009995,0.00001
 048843,0.00009579,-0.00038930,0.00001548,-0.00000615,0.00004428,0.0001
 08758196,-0.04880821,0.09414818,0.00047773,0.00069528,0.00027843,-0.00
 0.00014048,0.00179125,0.00014792,0.00431809,0.04071583,-0.08899266,-0.
 -0.00001738,-0.00068238,0.00040469,-0.00020550,0.00003647,0.00001418,-
 ,-0.00012431,0.00009088,0.00003241,-0.00025004,-0.00001270,0.00001430,
 ,-0.00003844,-0.00018261,-0.00000301,0.00002526,0.00025547,-0.00012402
 4,-0.00034067,0.00095863,0.00014823,0.00141820,-0.00003896,-0.00005406
 680,-0.08667965,0.04202702,0.08752675,0.09327463,0.00070636,-0.0018880
 9695,-0.00020925,-0.00039375,0.00085925,-0.01113914,0.01237962,0.02531
 13643,-0.00013631,0.00002494,-0.00008942,0.00140693,0.00091461,-0.0001
 21077,-0.00059100,0.00069544,-0.00147780,-0.00000322,-0.00000057,0.000
 128148,-0.00023784,0.00020430,0.00009565,-0.00042946,-0.00042418,0.000
 7707453,-0.00386230,0.00067515,-0.00099707,0.00047332,0.00080176,-0.00
 00382678,-0.00000022,0.00000009,-0.07178872,0.00000184,-0.00000107,0.5
 00121869,0.,0.,0.00083546,-0.00000004,0.00000002,-0.00121241,0.,0.,-0.
 004,0.00000005,-0.00116943,0.00000003,-0.00000006,0.00744751,0.,0.,-0.
 0000001,0.01677567,-0.00000005,0.,0.00866854,0.,0.,-0.00067488,0.00000
 00732190,-0.05187981,0.00000001,-0.12489632,0.42581642,-0.00000002,0.0
 000001,-0.00833653,0.00806557,-0.00000005,0.00096560,0.00017743,0.,-0.
 74,-0.00091902,0.,0.00002177,0.00009210,0.,-0.00057459,0.00051890,0.00
 0.00079186,-0.00030485,-0.00000001,0.00011461,-0.00188840,0.,-0.003563
 5,0.04618219,-0.04792812,0.00000019,0.00202872,-0.00297193,0.00000003,
 0.00021055,-0.00035522,0.,-0.18478328,0.03007190,-0.00000024,0.4580483
 010989,0.,0.00023765,0.00026868,0.,-0.00860962,0.00143169,-0.00000003,
 207707,0.00000001,0.00253558,-0.00425130,-0.00000001,-0.00012336,-0.00
 7,-0.00196435,0.00126460,0.,-0.00020644,0.00037481,0.,-0.00005361,0.00
 434,0.00000055,0.00000006,0.16071869,-0.04888761,0.03992549,-0.0000001
 0330,-0.00000051,-0.00000020,-0.06120528,0.00000002,0.00000001,0.00325
 7596,-0.00000002,-0.00000005,0.00675540,0.,0.,-0.00143410,0.,0.,0.0072
 004,0.00942397,0.00000001,0.,0.00920332,0.00000002,-0.00000003,-0.0065
 8357,0.64827960,-0.00000001,0.00000008,-0.07948725,0.00000008,-0.00000
 002,-0.19736985,-0.00000025,-0.02809194,-0.01327209,-0.00000003,0.1028
 00000004,-0.00063176,-0.00081799,0.,0.00401513,-0.00090676,0.,-0.07182
 77796,0.,-0.02885618,-0.05648554,-0.00000005,-0.02656789,0.06853600,0.
 32169205,0.00000005,0.07723474,-0.02476109,0.00000006,0.00193109,0.001
 0.00000039,0.00807628,0.00243730,0.00000005,0.68183677,-0.04365177,-0.
 823,-0.00105866,0.,-0.00407389,0.00365983,0.,-0.27651930,-0.12052471,-
 075,-0.02952270,-0.00000003,-0.06651123,0.02101992,-0.00000003,0.00024
 26294,0.02677390,0.00000002,-0.00357342,0.00201422,0.00000003,-0.01637
 3019,0.00000001,-0.00000025,0.02442266,-0.08870182,0.04365169,0.,0.029
 3431,0.,0.,0.00019929,0.,0.,-0.00364660,-0.00000005,0.00000031,-0.0359
 ,0.,-0.00178867,0.00000002,0.,0.00774583,0.00000003,-0.00000003,0.0017
 .00000003,-0.00000001,0.00920331,-0.00000002,0.00000001,-0.00073035,0.
 0087836,0.,-0.00396858,-0.33264244,0.00000023,0.00531090,0.35495531,-0
 .,-0.00279277,-0.01203757,0.,-0.00017595,-0.00067690,0.,0.00027381,0.0
 038359,0.00033497,0.,0.00006590,-0.00012903,0.,0.00317332,0.00101861,0
 735,-0.00600379,-0.00000001,0.05553587,-0.00201421,0.00177796,0.,-0.00
 0.00000002,0.00000796,0.00135578,0.,0.00105604,-0.00066015,0.,-0.06029
 19694,-0.00006590,0.,-0.00433525,0.00212994,0.,0.00546883,0.02771393,-
 6,-0.00357342,-0.00193108,-0.00000001,-0.00124583,-0.00008230,0.,0.000
 0.00000001,0.00739668,0.,0.,0.00188129,0.00000033,0.00000006,0.1291156
 3035,-0.00000003,-0.00000003,0.00510339,0.00000013,0.,-0.05784067,0.,-
 0.00000006,0.00942395,0.00000002,-0.00000002,-0.00450481,0.,0.,-0.0007
 0.00000001,-0.01503545,0.01136174,0.00000002,0.02278005,0.74725752,0.,
 .00000005,0.11777742,-0.18097818,-0.00000010,-0.00042394,-0.00538866,-
 -0.00000002,0.00008230,0.00033497,0.00000001,0.02781377,-0.02581153,-0
 0.62588222,-0.02677378,-0.02476100,-0.00000004,-0.00008470,0.00179791,
 00000020,0.00175488,-0.00116306,-0.00000003,-0.01929387,0.01554128,0.,
 ,0.00000002,0.03125300,0.07629899,0.00000007,-0.25946259,0.05274498,0.
 ,-0.00000006,-0.06452065,0.00008464,-0.00000002,-0.00124583,0.00038359
 ,-0.00385557,-0.00000024,-0.00000007,0.02453778,0.02926303,-0.07723457
 0000006,-0.00000007,0.00137399,0.00000026,0.00000013,-0.03336819,0.,0.
 0.,-0.00143410,0.00000003,-0.00000002,0.00739669,0.,0.,0.00019929,-0.0
 12290440,0.00000007,0.00035632,0.00104431,0.,0.12517737,0.12815989,0.,
 ,-0.00135578,-0.00067690,0.,-0.02950053,-0.01145402,0.,-0.11586964,-0.
 .28630803,0.00105866,-0.00081799,0.,0.00116305,-0.00538866,-0.00000001
 0228,0.,-0.26977312,-0.11630495,0.00000023,0.00093786,-0.00035632,0.,0
 75488,0.00042395,0.00000001,0.00000797,0.00017595,0.,0.00299263,0.0018
 007,0.00137398,0.,0.00000007,0.02453814,0.00024823,0.00063175,0.,0.001
 88127,0.,0.,-0.00364659,0.,-0.00000001,-0.03336850,0.00000006,-0.00000
 2,-0.12517612,0.12815953,0.,0.,0.00720328,-0.00000001,0.00000001,0.001
 .,0.11586839,-0.12290405,-0.00000005,0.02950049,-0.01145398,-0.0000000
 65982,-0.00090676,0.,-0.01554124,0.01136171,0.,0.00066014,0.00087836,0
 ,-0.26977094,0.11630368,0.,0.00299260,-0.00180226,0.,0.28630590,-0.003
 0401512,0.,-0.01929388,0.01503543,0.00000001,0.00105603,-0.00027381,0.
 0000035,-0.05977667,-0.00000038,0.00000045,0.12882778,-0.00407390,-0.0
 96,-0.00000009,-0.00000003,0.00510336,0.,0.,0.00774583,0.00000009,-0.0
 928,-0.00000039,0.03625461,0.65533729,0.00000003,-0.00000005,-0.006575
 1150,-0.00000002,-0.00212993,0.00101861,0.00000001,0.03336904,-0.31215
 0003,0.70441024,0.02952275,-0.05648550,-0.00000002,-0.07629893,-0.0258
 0.,-0.00433525,-0.00317332,-0.00000002,-0.12811289,-0.03336917,-0.0000
 ,0.12882813,-0.01637070,0.02885618,-0.00000003,0.03125306,-0.02781371,
 0000016,-0.00000013,-0.05784073,0.,0.,0.00173428,0.00000008,0.00000062
 .00000004,-0.03625377,0.65533685,0.00000004,0.00000005,0.00675540,-0.0
 0000005,-0.05274454,-0.18097799,-0.00000006,-0.02771388,-0.01203755,-0
 00546885,0.00279278,-0.00000003,0.70440704,-0.02101997,0.06853595,-0.0
 .06651124,0.02656791,0.00000002,-0.25946151,-0.11777690,-0.00000013,0.
 0.00000006,0.00000002,-0.03593023,-0.00000002,0.00000004,0.02442267,-0
 -0.00000003,-0.00531103,0.35495529,-0.00000006,-0.00000002,0.00325439,
 00000002,0.05553592,-0.00243725,-0.01327217,0.,0.00396864,-0.33264237,
 00000040,0.12911552,0.00807624,0.02809204,0.,-0.06029736,0.00600375,0.
 .02278188,0.74725767,0.00000040,-0.00000030,-0.06120498,-0.00000037,0.
 0.07182126,0.00000050,0.62588316,0.12052590,-0.19737008,-0.00000023,-0
 ,-0.10288512,0.64827970,-0.00000059,0.00000010,0.16071844,-0.27652139,
 8,-0.0000021,0.0000412,55.0952568\PG=C01 [X(C8H8)]\NImag=0\\0.68183760
 ,0.1083417,0.0888816,-0.0578487\Polar=112.7908924,-0.0000156,95.457792
 0578487,-0.0601545,-0.0537232,0.0452846,-0.0405308,0.0041779,0.0528444
 5,-0.0452851,-0.0405329,0.0041759,-0.0528455,-0.1083432,-0.0888834,-0.
 0041779,0.0528444,-0.1083417,0.0888817,-0.0578486,-0.0601562,-0.053724
 000031,0.0000021,0.2029466,-0.0601543,0.0537233,-0.0452846,0.040531,0.
 .057849,0.0734007,0.074124,0.0000012,0.0022159,0.0435183,0.0000015,0.0
 0537245,0.0452849,0.040533,0.004176,-0.0528453,0.1083431,-0.0888834,-0
 022162,0.043518,0.0000014,-0.0000027,0.0000019,0.2029469,-0.0601561,0.
 005,0.000004,-0.0000003,-0.0914215,0.0733986,-0.074124,-0.0000011,-0.0
 ,0.1254187,0.1106837,0.0072886,0.0000007,-0.2750641,-0.0952257,-0.0000
 0.1003102,0.0663341,0.0035015,0.,-0.0144541,-0.1095003,0.,0.,0.0000011
 -0.0369686,0.0229359,0.,0.0416414,0.1520036,0.,-0.0000011,-0.0000012,-
 ,-0.0766501,0.,-0.0697922,0.0239648,0.,0.0000007,-0.0000002,0.1349151,
 .0697926,0.0239645,-0.0000001,-0.0000003,-0.0000005,0.134915,-0.083457
 114,0.0000002,-0.000001,0.0000005,-0.1558512,-0.0834577,0.0766504,0.,0
 ,0.0000007,-0.1558514,-0.0096807,0.0189098,-0.0000003,0.1202667,-0.023
 4186,-0.0096801,-0.0189103,0.,-0.120267,-0.0231141,0.0000003,0.0000006
 63341,-0.0035017,0.,0.0144544,-0.1095006,-0.0000001,0.,0.0000007,0.125
 02,-0.0416432,0.1520044,0.0000002,0.0000012,-0.0000004,-0.1003102,0.06
 0000006,-0.0000043,-0.0000007,-0.0914213,-0.0369681,-0.0229356,0.00000
 4\DipoleDeriv=0.1106819,-0.0072885,-0.0000007,0.2750654,-0.0952266,-0.
 oint=0.1340218\Thermal=0.1400129\Dipole=-0.1933965,0.0000006,-0.000000
 n=ES64L-G16RevA.03\HF=-309.7428183\RMSD=2.842e-09\RMSF=8.442e-05\ZeroP
 H,-2.413471,-1.243943,-0.886575\H,-2.413468,-1.243936,0.886586\\Versio
 .886576\C,-1.967876,-0.789268,0.000004\H,-2.413467,1.243938,-0.886586\
 1441,0.695001,0.\C,-1.967875,0.789269,-0.000004\H,-2.413469,1.243944,0
 77,0.\C,0.717586,1.433241,0.000002\H,0.73371,2.516487,0.000001\C,-0.45
 869,0.698505,0.000001\H,2.856398,-1.221577,-0.000001\H,2.856397,1.2215
 2\H,0.73371,-2.516487,-0.000002\C,1.907869,-0.698504,-0.000001\C,1.907
 _initalOpt\\0,1\C,-0.451441,-0.695003,0.\C,0.717586,-1.433241,-0.00000
 Geom=AllCheck Guess=TCheck SCRF=Check GenChk RB3LYP/def2TZVP Freq\\int
 1\1\GINC-BHC0006\Freq\RB3LYP\def2TZVP\C8H8\DHANAWAY\10-Jun-2022\0\\#N 
 ----------------------------------------------------------------------

   zz         0.112791D+03      0.167139D+02      0.185967D+02
   zy        -0.349104D-04     -0.517319D-05     -0.575595D-05
   zx         0.126166D-03      0.186959D-04      0.208020D-04
   yy         0.954578D+02      0.141454D+02      0.157389D+02
   yx         0.158833D-03      0.235366D-04      0.261880D-04
   xx         0.550953D+02      0.816427D+01      0.908398D+01
   aniso      0.512755D+02      0.759825D+01      0.845419D+01
   iso        0.877813D+02      0.130078D+02      0.144732D+02
               (au)            (10**-24 esu)      (10**-40 SI)
 Alpha(0;0):
 (esu units = cm**3 , SI units = C**2 m**2 J**-1)
 Dipole polarizability, Alpha (dipole orientation).

   z          0.193397D+00      0.491565D+00      0.163968D+01
   y          0.000000D+00      0.000000D+00      0.000000D+00
   x          0.000000D+00      0.000000D+00      0.000000D+00
   Tot        0.193397D+00      0.491565D+00      0.163968D+01
                  (au)            (Debye)         (10**-30 SI)
 (Debye = 10**-18 statcoulomb cm , SI units = C m)
 Electric dipole moment (dipole orientation):

     1          1.67540768         -2.35071653          4.56078308
     1         -1.67538098         -2.35071999          4.56079595
     1         -1.67538807          2.35069373          4.56080209
     6          0.00001121         -1.49151119          3.71874234
     1          1.67540248          2.35069530          4.56079867
     6          0.00000478          1.49149141          3.71874914
     6          0.00000566          1.31335906          0.85310368
     1          0.00001276          4.75547527         -1.38649710
     6          0.00000876          2.70843691         -1.35603312
     1         -0.00000488          2.30846170         -5.39780131
     1         -0.00002022         -2.30843024         -5.39781665
     6         -0.00000202          1.31999365         -3.60534605
     6         -0.00001349         -1.31997075         -3.60535374
     1         -0.00002062         -4.75546719         -1.38652481
     6         -0.00001459         -2.70842901         -1.35604890
     6         -0.00000199         -1.31336781          0.85309602
 Dipole orientation:

 ----------------------------------------------------------------------

   zz         0.550953D+02      0.816427D+01      0.908398D+01
   zy         0.412256D-04      0.610900D-05      0.679718D-05
   zx         0.000000D+00      0.000000D+00      0.000000D+00
   yy         0.954578D+02      0.141454D+02      0.157389D+02
   yx        -0.155948D-04     -0.231092D-05     -0.257124D-05
   xx         0.112791D+03      0.167139D+02      0.185967D+02
   aniso      0.512755D+02      0.759825D+01      0.845419D+01
   iso        0.877813D+02      0.130078D+02      0.144732D+02
               (au)            (10**-24 esu)      (10**-40 SI)
 Alpha(0;0):
 (esu units = cm**3 , SI units = C**2 m**2 J**-1)
 Dipole polarizability, Alpha (input orientation).

   z          0.000000D+00      0.000000D+00      0.000000D+00
   y          0.000000D+00      0.000000D+00      0.000000D+00
   x         -0.193397D+00     -0.491565D+00     -0.163968D+01
   Tot        0.193397D+00      0.491565D+00      0.163968D+01
                  (au)            (Debye)         (10**-30 SI)
 (Debye = 10**-18 statcoulomb cm , SI units = C m)
 Electric dipole moment (input orientation):

 ----------------------------------------------------------------------


 GradGradGradGradGradGradGradGradGradGradGradGradGradGradGradGradGradGrad
 --------------------------------------------------------------------------------
 ! D45   D(14,11,13,16)       -126.6321         -DE/DX =    0.0                 !
 ! D44   D(14,11,13,15)         -0.0001         -DE/DX =    0.0                 !
 ! D43   D(14,11,13,1)         116.6838         -DE/DX =    0.0                 !
 ! D42   D(12,11,13,16)         -0.0001         -DE/DX =    0.0                 !
 ! D41   D(12,11,13,15)        126.632          -DE/DX =    0.0                 !
 ! D40   D(12,11,13,1)        -116.6841         -DE/DX =    0.0                 !
 ! D39   D(10,11,13,16)        116.6838         -DE/DX =    0.0                 !
 ! D38   D(10,11,13,15)       -116.6842         -DE/DX =    0.0                 !
 ! D37   D(10,11,13,1)          -0.0003         -DE/DX =    0.0                 !
 ! D36   D(8,10,11,14)          64.3281         -DE/DX =    0.0                 !
 ! D35   D(8,10,11,13)         180.0002         -DE/DX =    0.0                 !
 ! D34   D(8,10,11,12)         -64.3279         -DE/DX =    0.0                 !
 ! D33   D(1,10,11,14)        -115.6719         -DE/DX =    0.0                 !
 ! D32   D(1,10,11,13)           0.0003         -DE/DX =    0.0                 !
 ! D31   D(1,10,11,12)         115.6722         -DE/DX =    0.0                 !
 ! D30   D(9,8,10,11)            0.0            -DE/DX =    0.0                 !
 ! D29   D(9,8,10,1)           179.9999         -DE/DX =    0.0                 !
 ! D28   D(5,8,10,11)          180.0002         -DE/DX =    0.0                 !
 ! D27   D(5,8,10,1)             0.0001         -DE/DX =    0.0                 !
 ! D26   D(7,5,8,10)          -180.0001         -DE/DX =    0.0                 !
 ! D25   D(7,5,8,9)              0.0            -DE/DX =    0.0                 !
 ! D24   D(4,5,8,10)             0.0            -DE/DX =    0.0                 !
 ! D23   D(4,5,8,9)            180.0002         -DE/DX =    0.0                 !
 ! D22   D(6,4,5,8)            180.0            -DE/DX =    0.0                 !
 ! D21   D(6,4,5,7)              0.0002         -DE/DX =    0.0                 !
 ! D20   D(2,4,5,8)              0.0            -DE/DX =    0.0                 !
 ! D19   D(2,4,5,7)            180.0001         -DE/DX =    0.0                 !
 ! D18   D(3,2,4,6)              0.0            -DE/DX =    0.0                 !
 ! D17   D(3,2,4,5)            180.0001         -DE/DX =    0.0                 !
 ! D16   D(1,2,4,6)            179.9999         -DE/DX =    0.0                 !
 ! D15   D(1,2,4,5)              0.0            -DE/DX =    0.0                 !
 ! D14   D(10,1,13,16)        -115.6719         -DE/DX =    0.0                 !
 ! D13   D(10,1,13,15)         115.6722         -DE/DX =    0.0                 !
 ! D12   D(10,1,13,11)           0.0003         -DE/DX =    0.0                 !
 ! D11   D(2,1,13,16)           64.3281         -DE/DX =    0.0                 !
 ! D10   D(2,1,13,15)          -64.3278         -DE/DX =    0.0                 !
 ! D9    D(2,1,13,11)          180.0002         -DE/DX =    0.0                 !
 ! D8    D(13,1,10,11)          -0.0003         -DE/DX =    0.0                 !
 ! D7    D(13,1,10,8)          179.9998         -DE/DX =    0.0                 !
 ! D6    D(2,1,10,11)          179.9998         -DE/DX =    0.0                 !
 ! D5    D(2,1,10,8)            -0.0002         -DE/DX =    0.0                 !
 ! D4    D(13,1,2,4)           180.0002         -DE/DX =    0.0                 !
 ! D3    D(13,1,2,3)             0.0001         -DE/DX =    0.0                 !
 ! D2    D(10,1,2,4)             0.0001         -DE/DX =    0.0                 !
 ! D1    D(10,1,2,3)          -180.0            -DE/DX =    0.0                 !
 ! A30   A(15,13,16)           108.639          -DE/DX =    0.0                 !
 ! A29   A(11,13,16)           114.6182         -DE/DX =    0.0                 !
 ! A28   A(11,13,15)           114.6181         -DE/DX =    0.0                 !
 ! A27   A(1,13,16)            115.6778         -DE/DX =    0.0                 !
 ! A26   A(1,13,15)            115.6777         -DE/DX =    0.0                 !
 ! A25   A(1,13,11)             86.4429         -DE/DX =    0.0                 !
 ! A24   A(13,11,14)           114.6182         -DE/DX =    0.0                 !
 ! A23   A(12,11,14)           108.639          -DE/DX =    0.0                 !
 ! A22   A(12,11,13)           114.618          -DE/DX =    0.0                 !
 ! A21   A(10,11,14)           115.6779         -DE/DX =    0.0                 !
 ! A20   A(10,11,13)            86.4429         -DE/DX =    0.0                 !
 ! A19   A(10,11,12)           115.6777         -DE/DX =    0.0                 !
 ! A18   A(8,10,11)            144.1704         -DE/DX =    0.0                 !
 ! A17   A(1,10,11)             93.5572         -DE/DX =    0.0                 !
 ! A16   A(1,10,8)             122.2724         -DE/DX =    0.0                 !
 ! A15   A(9,8,10)             123.1252         -DE/DX =    0.0                 !
 ! A14   A(5,8,10)             116.0415         -DE/DX =    0.0                 !
 ! A13   A(5,8,9)              120.8334         -DE/DX =    0.0                 !
 ! A12   A(7,5,8)              119.439          -DE/DX =    0.0                 !
 ! A11   A(4,5,8)              121.6861         -DE/DX =    0.0                 !
 ! A10   A(4,5,7)              118.8748         -DE/DX =    0.0                 !
 ! A9    A(5,4,6)              118.8748         -DE/DX =    0.0                 !
 ! A8    A(2,4,6)              119.439          -DE/DX =    0.0                 !
 ! A7    A(2,4,5)              121.6862         -DE/DX =    0.0                 !
 ! A6    A(3,2,4)              120.8334         -DE/DX =    0.0                 !
 ! A5    A(1,2,4)              116.0415         -DE/DX =    0.0                 !
 ! A4    A(1,2,3)              123.1251         -DE/DX =    0.0                 !
 ! A3    A(10,1,13)             93.5571         -DE/DX =    0.0                 !
 ! A2    A(2,1,13)             144.1706         -DE/DX =    0.0                 !
 ! A1    A(2,1,10)             122.2723         -DE/DX =    0.0                 !
 ! R17   R(13,16)                1.0915         -DE/DX =    0.0                 !
 ! R16   R(13,15)                1.0915         -DE/DX =    0.0                 !
 ! R15   R(11,14)                1.0915         -DE/DX =    0.0                 !
 ! R14   R(11,13)                1.5785         -DE/DX =    0.0001              !
 ! R13   R(11,12)                1.0915         -DE/DX =    0.0                 !
 ! R12   R(10,11)                1.5194         -DE/DX =    0.0                 !
 ! R11   R(8,10)                 1.3826         -DE/DX =   -0.0001              !
 ! R10   R(8,9)                  1.0834         -DE/DX =    0.0                 !
 ! R9    R(5,8)                  1.3988         -DE/DX =    0.0001              !
 ! R8    R(5,7)                  1.0832         -DE/DX =    0.0                 !
 ! R7    R(4,6)                  1.0832         -DE/DX =    0.0                 !
 ! R6    R(4,5)                  1.397          -DE/DX =   -0.0001              !
 ! R5    R(2,4)                  1.3988         -DE/DX =    0.0001              !
 ! R4    R(2,3)                  1.0834         -DE/DX =    0.0                 !
 ! R3    R(1,13)                 1.5194         -DE/DX =    0.0                 !
 ! R2    R(1,10)                 1.39           -DE/DX =    0.0001              !
 ! R1    R(1,2)                  1.3826         -DE/DX =   -0.0001              !
 --------------------------------------------------------------------------------
 ! Name  Definition              Value          Derivative Info.                !
 --------------------------                            --------------------------
                           ! (Angstroms and Degrees)  !
                           !   Optimized Parameters   !
                           ----------------------------
    -- Stationary point found.
 Optimization completed.
 Predicted change in Energy=-2.527686D-07
 RMS     Displacement     0.000128     0.001200     YES
 Maximum Displacement     0.000428     0.001800     YES
 RMS     Force            0.000034     0.000300     YES
 Maximum Force            0.000144     0.000450     YES
         Item               Value     Threshold  Converged?
   D45       -2.21015  -0.00001   0.00000  -0.00014  -0.00014  -2.21029
   D44       -0.00000  -0.00000   0.00000   0.00000   0.00000  -0.00000
   D43        2.03652  -0.00000   0.00000  -0.00007  -0.00007   2.03645
   D42       -0.00000  -0.00000   0.00000   0.00000   0.00000  -0.00000
   D41        2.21014   0.00001   0.00000   0.00015   0.00015   2.21029
   D40       -2.03652   0.00000   0.00000   0.00008   0.00008  -2.03645
   D39        2.03652  -0.00000   0.00000  -0.00007  -0.00007   2.03645
   D38       -2.03652   0.00000   0.00000   0.00008   0.00008  -2.03645
   D37       -0.00000   0.00000   0.00000   0.00000   0.00000   0.00000
   D36        1.12274   0.00001   0.00000   0.00021   0.00021   1.12295
   D35       -3.14159  -0.00000   0.00000  -0.00000  -0.00000   3.14159
   D34       -1.12273  -0.00001   0.00000  -0.00021  -0.00021  -1.12295
   D33       -2.01885   0.00001   0.00000   0.00021   0.00021  -2.01864
   D32        0.00001  -0.00000   0.00000  -0.00001  -0.00001   0.00000
   D31        2.01886  -0.00001   0.00000  -0.00022  -0.00022   2.01864
   D30        0.00000  -0.00000   0.00000  -0.00000  -0.00000   0.00000
   D29        3.14159   0.00000   0.00000   0.00000   0.00000   3.14159
   D28       -3.14159  -0.00000   0.00000  -0.00000  -0.00000   3.14159
   D27        0.00000  -0.00000   0.00000  -0.00000  -0.00000   0.00000
   D26        3.14159   0.00000   0.00000   0.00000   0.00000  -3.14159
   D25        0.00000  -0.00000   0.00000  -0.00000  -0.00000   0.00000
   D24       -0.00000   0.00000   0.00000   0.00000   0.00000   0.00000
   D23       -3.14159  -0.00000   0.00000  -0.00000  -0.00000   3.14159
   D22       -3.14159  -0.00000   0.00000  -0.00000  -0.00000   3.14159
   D21        0.00000  -0.00000   0.00000  -0.00000  -0.00000   0.00000
   D20       -0.00000  -0.00000   0.00000   0.00000   0.00000  -0.00000
   D19       -3.14159  -0.00000   0.00000  -0.00000  -0.00000   3.14159
   D18        0.00000  -0.00000   0.00000  -0.00000  -0.00000   0.00000
   D17       -3.14159  -0.00000   0.00000  -0.00000  -0.00000   3.14159
   D16        3.14159   0.00000   0.00000   0.00000   0.00000   3.14159
   D15       -0.00000   0.00000   0.00000   0.00000   0.00000   0.00000
   D14       -2.01885   0.00001   0.00000   0.00021   0.00021  -2.01864
   D13        2.01886  -0.00001   0.00000  -0.00022  -0.00022   2.01864
   D12        0.00001  -0.00000   0.00000  -0.00001  -0.00001   0.00000
   D11        1.12274   0.00001   0.00000   0.00021   0.00021   1.12295
   D10       -1.12273  -0.00001   0.00000  -0.00022  -0.00022  -1.12295
    D9       -3.14159  -0.00000   0.00000  -0.00000  -0.00000   3.14159
    D8       -0.00001   0.00000   0.00000   0.00001   0.00001   0.00000
    D7        3.14159   0.00000   0.00000   0.00000   0.00000   3.14159
    D6        3.14159   0.00000   0.00000   0.00000   0.00000   3.14159
    D5       -0.00000   0.00000   0.00000   0.00000   0.00000   0.00000
    D4       -3.14159  -0.00000   0.00000  -0.00000  -0.00000   3.14159
    D3        0.00000  -0.00000   0.00000  -0.00000  -0.00000   0.00000
    D2        0.00000  -0.00000   0.00000  -0.00000  -0.00000   0.00000
    D1        3.14159   0.00000   0.00000   0.00000   0.00000  -3.14159
   A30        1.89611   0.00001   0.00000   0.00032   0.00032   1.89643
   A29        2.00047  -0.00001   0.00000  -0.00017  -0.00017   2.00029
   A28        2.00046  -0.00001   0.00000  -0.00017  -0.00017   2.00029
   A27        2.01896  -0.00000   0.00000  -0.00003  -0.00003   2.01893
   A26        2.01896  -0.00000   0.00000  -0.00003  -0.00003   2.01893
   A25        1.50871  -0.00000   0.00000  -0.00003  -0.00003   1.50868
   A24        2.00047  -0.00001   0.00000  -0.00017  -0.00017   2.00029
   A23        1.89611   0.00001   0.00000   0.00032   0.00032   1.89643
   A22        2.00046  -0.00001   0.00000  -0.00017  -0.00017   2.00029
   A21        2.01896  -0.00000   0.00000  -0.00003  -0.00003   2.01893
   A20        1.50871  -0.00000   0.00000  -0.00003  -0.00003   1.50868
   A19        2.01896  -0.00000   0.00000  -0.00003  -0.00003   2.01893
   A18        2.51625  -0.00001   0.00000  -0.00004  -0.00004   2.51621
   A17        1.63288   0.00000   0.00000   0.00003   0.00003   1.63291
   A16        2.13406   0.00001   0.00000   0.00001   0.00001   2.13407
   A15        2.14894   0.00003   0.00000   0.00036   0.00036   2.14930
   A14        2.02531   0.00001   0.00000   0.00003   0.00003   2.02534
   A13        2.10894  -0.00003   0.00000  -0.00039  -0.00039   2.10855
   A12        2.08460  -0.00002   0.00000  -0.00030  -0.00030   2.08430
   A11        2.12382  -0.00001   0.00000  -0.00005  -0.00005   2.12378
   A10        2.07476   0.00003   0.00000   0.00035   0.00035   2.07511
    A9        2.07476   0.00003   0.00000   0.00035   0.00035   2.07511
    A8        2.08460  -0.00002   0.00000  -0.00030  -0.00030   2.08430
    A7        2.12382  -0.00001   0.00000  -0.00005  -0.00005   2.12378
    A6        2.10894  -0.00004   0.00000  -0.00039  -0.00039   2.10855
    A5        2.02531   0.00001   0.00000   0.00003   0.00003   2.02534
    A4        2.14894   0.00003   0.00000   0.00036   0.00036   2.14930
    A3        1.63288   0.00000   0.00000   0.00003   0.00003   1.63291
    A2        2.51625  -0.00001   0.00000  -0.00004  -0.00004   2.51621
    A1        2.13405   0.00001   0.00000   0.00001   0.00001   2.13407
   R17        2.06258  -0.00001   0.00000  -0.00006  -0.00006   2.06252
   R16        2.06258  -0.00001   0.00000  -0.00006  -0.00006   2.06252
   R15        2.06258  -0.00001   0.00000  -0.00006  -0.00006   2.06252
   R14        2.98300   0.00007   0.00000   0.00044   0.00044   2.98344
   R13        2.06258  -0.00001   0.00000  -0.00006  -0.00006   2.06252
   R12        2.87118  -0.00001   0.00000  -0.00004  -0.00004   2.87113
   R11        2.61276  -0.00014   0.00000  -0.00050  -0.00050   2.61227
   R10        2.04727  -0.00000   0.00000  -0.00000  -0.00000   2.04726
    R9        2.64333   0.00012   0.00000   0.00052   0.00052   2.64385
    R8        2.04694   0.00000   0.00000   0.00000   0.00000   2.04694
    R7        2.04694   0.00000   0.00000   0.00000   0.00000   2.04694
    R6        2.63996  -0.00014   0.00000  -0.00055  -0.00055   2.63941
    R5        2.64333   0.00012   0.00000   0.00052   0.00052   2.64385
    R4        2.04727  -0.00000   0.00000  -0.00000  -0.00000   2.04726
    R3        2.87118  -0.00001   0.00000  -0.00004  -0.00004   2.87113
    R2        2.62673   0.00005   0.00000   0.00027   0.00027   2.62700
    R1        2.61276  -0.00014   0.00000  -0.00049  -0.00049   2.61227
                                 (Linear)    (Quad)   (Total)
 Variable       Old X    -DE/DX   Delta X   Delta X   Delta X     New X
 Iteration  2 RMS(Cart)=  0.00000003 RMS(Int)=  0.00000001
 Iteration  1 RMS(Cart)=  0.00012756 RMS(Int)=  0.00000003
 Linear search not attempted -- first point.
 Angle between quadratic step and forces=  31.69 degrees.
     Eigenvalues ---    0.46733   0.50212
     Eigenvalues ---    0.35637   0.35754   0.37126   0.40486   0.43982
     Eigenvalues ---    0.33056   0.33905   0.34009   0.35149   0.35246
     Eigenvalues ---    0.19755   0.26736   0.26966   0.27299   0.32866
     Eigenvalues ---    0.12338   0.14852   0.17887   0.19009   0.19469
     Eigenvalues ---    0.07145   0.07302   0.10673   0.10756   0.12069
     Eigenvalues ---    0.04121   0.04356   0.04642   0.05402   0.05515
     Eigenvalues ---    0.02109   0.02349   0.02814   0.02864   0.03157
     Eigenvalues ---    0.00421   0.00436   0.01124   0.01599   0.01784
 ITU=  0
 Second derivative matrix not updated -- analytic derivatives used.
 All quantities printed in internal units (Hartrees-Bohrs-Radians)
 Step number   1 out of a maximum of    2
 Search for a local minimum.
 Internal  Forces:  Max     0.000144265 RMS     0.000033649
 Berny optimization.
 GradGradGradGradGradGradGradGradGradGradGradGradGradGradGradGradGradGrad

 FormGI is forming the generalized inverse of G from B-inverse, IUseBI=4.
 Cartesian Forces:  Max     0.000263254 RMS     0.000084424
 -------------------------------------------------------------------
     16        1           0.000013392    0.000022704    0.000001885
     15        1           0.000013657    0.000022907   -0.000000975
     14        1           0.000013511   -0.000022808   -0.000001652
     13        6          -0.000011662   -0.000124018   -0.000001763
     12        1           0.000013726   -0.000022971    0.000000727
     11        6          -0.000011935    0.000123830    0.000001809
     10        6           0.000108792    0.000103251   -0.000000297
      9        1           0.000031023   -0.000001224    0.000000070
      8        6          -0.000263254   -0.000009241   -0.000000340
      7        1          -0.000010437    0.000021431    0.000000098
      6        1          -0.000011212   -0.000020950   -0.000000066
      5        6           0.000118650   -0.000217262   -0.000000031
      4        6           0.000119162    0.000216451   -0.000000009
      3        1           0.000031193    0.000001204   -0.000000036
      2        6          -0.000262443    0.000008737    0.000000294
      1        6           0.000107837   -0.000102043    0.000000287
 -------------------------------------------------------------------
 Number     Number              X              Y              Z
 Center     Atomic                   Forces (Hartrees/Bohr)
 -------------------------------------------------------------------
 ***** Axes restored to original set *****
 Rotational      0.235241D+06          5.371513         12.368365
 Translational   0.417250D+08          7.620396         17.546610
 Electronic      0.100000D+01          0.000000          0.000000
 Vib (V=0)    6  0.107570D+01          0.031689          0.072967
 Vib (V=0)    5  0.110305D+01          0.042595          0.098079
 Vib (V=0)    4  0.115636D+01          0.063093          0.145276
 Vib (V=0)    3  0.116787D+01          0.067394          0.155181
 Vib (V=0)    2  0.154648D+01          0.189346          0.435985
 Vib (V=0)    1  0.165204D+01          0.218020          0.502010
 Vib (V=0)       0.532591D+01          0.726394          1.672584
 Vib (Bot)    6  0.285351D+00         -0.544620         -1.254035
 Vib (Bot)    5  0.337150D+00         -0.472177         -1.087229
 Vib (Bot)    4  0.425214D+00         -0.371393         -0.855163
 Vib (Bot)    3  0.442774D+00         -0.353818         -0.814696
 Vib (Bot)    2  0.919310D+00         -0.036538         -0.084132
 Vib (Bot)    1  0.103788D+01          0.016147          0.037179
 Vib (Bot)       0.120423D-60        -60.919291       -140.271852
 Total V=0       0.522760D+14         13.718303         31.587559
 Total Bot       0.118200D-47        -47.927383       -110.356878
                       Q            Log10(Q)             Ln(Q)
 Vibration     6          0.905              1.140              0.544
 Vibration     5          0.847              1.269              0.680
 Vibration     4          0.778              1.438              0.910
 Vibration     3          0.768              1.466              0.955
 Vibration     2          0.645              1.817              1.996
 Vibration     1          0.635              1.850              2.202
 Vibrational             86.082             18.389              9.971
 Rotational               0.889              2.981             27.559
 Translational            0.889              2.981             39.837
 Electronic               0.000              0.000              0.000
 Total                   87.859             24.350             77.367
                      KCal/Mol        Cal/Mol-Kelvin    Cal/Mol-Kelvin
                     E (Thermal)             CV                S
 
 Sum of electronic and thermal Free Energies=         -309.638621
 Sum of electronic and thermal Enthalpies=            -309.601861
 Sum of electronic and thermal Energies=              -309.602805
 Sum of electronic and zero-point Energies=           -309.608796
 Thermal correction to Gibbs Free Energy=         0.104197
 Thermal correction to Enthalpy=                  0.140957
 Thermal correction to Energy=                    0.140013
 Zero-point correction=                           0.134022 (Hartree/Particle)
 
                             4572.51  4586.41
                             4388.49  4432.20  4453.99  4547.15  4559.50
                             2149.88  2159.35  2353.28  2363.77  4381.55
                             1779.97  1885.47  1964.08  2109.82  2129.60
                             1661.07  1693.41  1707.52  1737.68  1758.45
                             1393.74  1473.59  1510.17  1575.61  1589.87
                             1145.41  1248.72  1266.30  1305.96  1347.80
          (Kelvin)            791.29   929.53  1028.25  1048.87  1142.16
 Vibrational temperatures:    277.18   310.15   578.34   596.56   706.80
           vibrations may cause significant error
 Warning -- explicit consideration of   6 degrees of freedom as
                                   84.09994 (Kcal/Mol)
 Zero-point vibrational energy     351874.1 (Joules/Mol)
 Rotational constants (GHZ):           4.48299     2.09117     1.45196
 Rotational temperatures (Kelvin)      0.21515     0.10036     0.06968
 Rotational symmetry number  1.
 This molecule is an asymmetric top.
           Z           -0.00000   0.00000   1.00000
           Y            0.00000   1.00000  -0.00000
           X            1.00000  -0.00000   0.00000
     Eigenvalues --   402.57515 863.028861242.97271
                           1         2         3
 Principal axes and moments of inertia in atomic units:
 Molecular mass:   104.06260 amu.
 Atom    16 has atomic number  1 and mass   1.00783
 Atom    15 has atomic number  1 and mass   1.00783
 Atom    14 has atomic number  1 and mass   1.00783
 Atom    13 has atomic number  6 and mass  12.00000
 Atom    12 has atomic number  1 and mass   1.00783
 Atom    11 has atomic number  6 and mass  12.00000
 Atom    10 has atomic number  6 and mass  12.00000
 Atom     9 has atomic number  1 and mass   1.00783
 Atom     8 has atomic number  6 and mass  12.00000
 Atom     7 has atomic number  1 and mass   1.00783
 Atom     6 has atomic number  1 and mass   1.00783
 Atom     5 has atomic number  6 and mass  12.00000
 Atom     4 has atomic number  6 and mass  12.00000
 Atom     3 has atomic number  1 and mass   1.00783
 Atom     2 has atomic number  6 and mass  12.00000
 Atom     1 has atomic number  6 and mass  12.00000
 Temperature   298.150 Kelvin.  Pressure   1.00000 Atm.
 -------------------
 - Thermochemistry -
 -------------------

    16   1    -0.00  -0.00   0.00     0.00   0.00  -0.00    -0.00  -0.00   0.00
    15   1    -0.00  -0.00  -0.00     0.00   0.00   0.00    -0.00  -0.00  -0.00
    14   1    -0.00   0.00  -0.00    -0.00   0.00  -0.00    -0.00   0.00  -0.00
    13   6     0.00   0.00  -0.00    -0.00  -0.00   0.00     0.00   0.00  -0.00
    12   1    -0.00   0.00   0.00    -0.00   0.00   0.00    -0.00   0.00   0.00
    11   6     0.00  -0.00   0.00     0.00  -0.00   0.00     0.00  -0.00   0.00
    10   6     0.00  -0.00   0.00     0.00   0.00   0.00     0.00   0.00   0.00
     9   1     0.01   0.60  -0.00     0.01   0.59  -0.00     0.00   0.36  -0.00
     8   6    -0.00  -0.05   0.00    -0.00  -0.05   0.00     0.00  -0.03   0.00
     7   1    -0.32  -0.18   0.00     0.34   0.18  -0.00     0.53   0.29  -0.00
     6   1    -0.32   0.18   0.00    -0.34   0.18   0.00     0.53  -0.29  -0.00
     5   6     0.03   0.02  -0.00    -0.03  -0.01   0.00    -0.05  -0.03   0.00
     4   6     0.03  -0.02  -0.00     0.03  -0.01  -0.00    -0.05   0.03   0.00
     3   1     0.01  -0.60  -0.00    -0.01   0.59   0.00     0.00  -0.36  -0.00
     2   6    -0.00   0.05   0.00     0.00  -0.05  -0.00     0.00   0.03   0.00
     1   6     0.00   0.00  -0.00    -0.00   0.00   0.00     0.00  -0.00  -0.00
  Atom  AN      X      Y      Z        X      Y      Z        X      Y      Z
 IR Inten    --      3.7309                32.1549                18.5879
 Frc consts  --      6.4407                 6.5058                 6.5629
 Red. masses --      1.0885                 1.0933                 1.0962
 Frequencies --   3169.0109              3178.0545              3187.7160
                      A                      A                      A
                     40                     41                     42
    16   1     0.21   0.21  -0.40    -0.21  -0.21   0.40     0.00   0.00  -0.00
    15   1    -0.21  -0.21  -0.40     0.20   0.21   0.40     0.00   0.00   0.00
    14   1     0.21  -0.21   0.40     0.21  -0.21   0.40    -0.00   0.00  -0.00
    13   6    -0.00  -0.00   0.07     0.00   0.00  -0.07     0.00  -0.00   0.00
    12   1    -0.21   0.21   0.40    -0.20   0.21   0.40    -0.00   0.00   0.00
    11   6    -0.00   0.00  -0.07    -0.00   0.00  -0.07    -0.00  -0.00   0.00
    10   6     0.00   0.00  -0.00    -0.00  -0.00  -0.00     0.00   0.00   0.00
     9   1    -0.00   0.00  -0.00    -0.00   0.00  -0.00     0.01   0.38  -0.00
     8   6     0.00  -0.00   0.00     0.00  -0.00   0.00    -0.00  -0.03   0.00
     7   1     0.00   0.00   0.00    -0.00  -0.00  -0.00    -0.52  -0.28   0.00
     6   1     0.00  -0.00  -0.00     0.00  -0.00  -0.00     0.52  -0.29  -0.00
     5   6    -0.00   0.00  -0.00    -0.00   0.00  -0.00     0.04   0.02  -0.00
     4   6    -0.00  -0.00   0.00     0.00   0.00  -0.00    -0.04   0.02   0.00
     3   1    -0.00  -0.00   0.00     0.00   0.00  -0.00    -0.01   0.38   0.00
     2   6     0.00   0.00  -0.00    -0.00  -0.00   0.00     0.00  -0.03  -0.00
     1   6     0.00  -0.00   0.00     0.00  -0.00  -0.00    -0.00   0.00   0.00
  Atom  AN      X      Y      Z        X      Y      Z        X      Y      Z
 IR Inten    --      0.0000                35.9371                 0.7066
 Frc consts  --      6.1988                 6.2495                 6.3867
 Red. masses --      1.1087                 1.1068                 1.0853
 Frequencies --   3080.5344              3095.6758              3160.4275
                      A                      A                      A
                     37                     38                     39
    16   1    -0.10  -0.01  -0.09     0.20   0.20  -0.41     0.19   0.20  -0.41
    15   1    -0.10  -0.01   0.09     0.20   0.20   0.41     0.19   0.20   0.41
    14   1    -0.10   0.01   0.09    -0.20   0.20  -0.41     0.19  -0.20   0.41
    13   6     0.05   0.01  -0.00    -0.03  -0.03  -0.00    -0.03  -0.03  -0.00
    12   1    -0.10   0.01  -0.09    -0.20   0.20   0.42     0.19  -0.20  -0.41
    11   6     0.05  -0.01   0.00     0.03  -0.03  -0.00    -0.03   0.03   0.00
    10   6    -0.14  -0.32  -0.00     0.00   0.00  -0.00     0.00   0.00   0.00
     9   1    -0.09   0.19   0.00     0.00  -0.00  -0.00    -0.00   0.01   0.00
     8   6     0.06   0.17   0.00    -0.00   0.00   0.00     0.00  -0.00  -0.00
     7   1    -0.27   0.30   0.00     0.00  -0.00  -0.00     0.00   0.00  -0.00
     6   1    -0.27  -0.30  -0.00    -0.00  -0.00  -0.00     0.00  -0.00   0.00
     5   6     0.07  -0.30  -0.00     0.00  -0.00  -0.00    -0.00   0.00  -0.00
     4   6     0.07   0.30   0.00    -0.00  -0.00  -0.00    -0.00  -0.00   0.00
     3   1    -0.09  -0.19  -0.00    -0.00  -0.00  -0.00    -0.00  -0.01  -0.00
     2   6     0.06  -0.17  -0.00     0.00   0.00   0.00     0.00   0.00   0.00
     1   6    -0.14   0.32   0.00    -0.00   0.00  -0.00     0.00  -0.00  -0.00
  Atom  AN      X      Y      Z        X      Y      Z        X      Y      Z
 IR Inten    --      0.6098                34.5101                64.5535
 Frc consts  --     10.5332                 5.7706                 5.8015
 Red. masses --      6.6235                 1.0561                 1.0584
 Frequencies --   1642.9009              3045.3308              3050.1543
                      A                      A                      A
                     34                     35                     36
    16   1     0.02  -0.02   0.00    -0.21  -0.13  -0.18     0.00  -0.06  -0.02
    15   1     0.02  -0.02  -0.00    -0.21  -0.13   0.18     0.00  -0.06   0.02
    14   1    -0.02  -0.02   0.00    -0.21   0.13   0.18    -0.00  -0.06  -0.02
    13   6    -0.02   0.02   0.00     0.01   0.01  -0.00    -0.04   0.03   0.00
    12   1    -0.02  -0.02  -0.00    -0.21   0.13  -0.18    -0.00  -0.06   0.02
    11   6     0.02   0.02   0.00     0.01  -0.01   0.00     0.04   0.03   0.00
    10   6    -0.10  -0.06  -0.00     0.07  -0.12   0.00    -0.29  -0.10  -0.00
     9   1    -0.03   0.12  -0.00     0.46  -0.02   0.00    -0.45   0.05  -0.00
     8   6    -0.00   0.10   0.00    -0.13  -0.00  -0.00     0.35   0.03   0.00
     7   1    -0.24   0.61   0.00     0.17  -0.16  -0.00    -0.04  -0.18  -0.00
     6   1     0.24   0.61   0.00     0.17   0.16   0.00     0.04  -0.18  -0.00
     5   6     0.14  -0.11  -0.00     0.03   0.06   0.00    -0.16   0.06   0.00
     4   6    -0.14  -0.11  -0.00     0.03  -0.06  -0.00     0.16   0.06   0.00
     3   1     0.03   0.12  -0.00     0.46   0.02  -0.00     0.45   0.05  -0.00
     2   6     0.00   0.10   0.00    -0.13   0.00   0.00    -0.35   0.03   0.00
     1   6     0.10  -0.06  -0.00     0.07   0.12  -0.00     0.29  -0.10  -0.00
  Atom  AN      X      Y      Z        X      Y      Z        X      Y      Z
 IR Inten    --      3.0020                12.8481                 0.0001
 Frc consts  --      2.9874                 2.5819                10.3556
 Red. masses --      2.2710                 1.9455                 6.5700
 Frequencies --   1494.2382              1500.8259              1635.6129
                      A                      A                      A
                     31                     32                     33
    16   1    -0.08  -0.15  -0.08    -0.28  -0.28  -0.30     0.25   0.28   0.30
    15   1    -0.08  -0.15   0.08    -0.28  -0.28   0.30     0.25   0.28  -0.30
    14   1    -0.08   0.15   0.08     0.28  -0.28  -0.30     0.25  -0.28  -0.30
    13   6    -0.07   0.00  -0.00     0.04   0.04  -0.00    -0.06  -0.05   0.00
    12   1    -0.08   0.15  -0.08     0.28  -0.28   0.30     0.25  -0.28   0.30
    11   6    -0.07  -0.00   0.00    -0.04   0.04  -0.00    -0.06   0.05  -0.00
    10   6     0.21   0.15   0.00     0.00   0.01   0.00     0.04  -0.06   0.00
     9   1    -0.04  -0.02   0.00     0.00  -0.00   0.00     0.18   0.01   0.00
     8   6    -0.15  -0.01  -0.00    -0.00  -0.00  -0.00    -0.06   0.01  -0.00
     7   1    -0.32   0.42   0.00    -0.00   0.01   0.00     0.03  -0.02  -0.00
     6   1    -0.32  -0.42  -0.00     0.00   0.01   0.00     0.03   0.02   0.00
     5   6     0.05  -0.23  -0.00     0.00  -0.00   0.00     0.02  -0.01  -0.00
     4   6     0.05   0.23   0.00    -0.00  -0.00   0.00     0.02   0.01   0.00
     3   1    -0.04   0.02  -0.00    -0.00  -0.00   0.00     0.18  -0.01  -0.00
     2   6    -0.15   0.01   0.00     0.00  -0.00  -0.00    -0.06  -0.01   0.00
     1   6     0.21  -0.15  -0.00    -0.00   0.01   0.00     0.04   0.06  -0.00
  Atom  AN      X      Y      Z        X      Y      Z        X      Y      Z
 IR Inten    --      1.8807                 1.7485                 4.6909
 Frc consts  --      4.7007                 1.3750                 1.7226
 Red. masses --      4.2814                 1.0853                 1.3345
 Frequencies --   1365.1041              1466.3980              1480.1478
                      A                      A                      A
                     28                     29                     30
    16   1    -0.30   0.18   0.00     0.28  -0.32   0.01     0.13  -0.15   0.00
    15   1    -0.30   0.18  -0.00     0.28  -0.32  -0.01     0.13  -0.15  -0.00
    14   1    -0.30  -0.18  -0.00    -0.28  -0.32   0.01    -0.13  -0.15   0.00
    13   6    -0.03  -0.09   0.00    -0.11   0.05   0.00    -0.06   0.04   0.00
    12   1    -0.30  -0.18   0.00    -0.28  -0.32  -0.01    -0.13  -0.15  -0.00
    11   6    -0.03   0.09  -0.00     0.11   0.05   0.00     0.06   0.04   0.00
    10   6     0.13  -0.10  -0.00     0.03   0.06  -0.00    -0.09  -0.06  -0.00
     9   1    -0.28  -0.05  -0.00    -0.33  -0.04  -0.00     0.54   0.02  -0.00
     8   6     0.08  -0.05   0.00    -0.01  -0.04   0.00    -0.06   0.03   0.00
     7   1    -0.20   0.27   0.00    -0.03   0.04   0.00     0.19  -0.26  -0.00
     6   1    -0.20  -0.27  -0.00     0.03   0.04   0.00    -0.19  -0.26  -0.00
     5   6    -0.09   0.07   0.00     0.00  -0.01  -0.00     0.03   0.04  -0.00
     4   6    -0.09  -0.07  -0.00    -0.00  -0.01  -0.00    -0.03   0.04  -0.00
     3   1    -0.28   0.05   0.00     0.33  -0.04  -0.00    -0.54   0.02  -0.00
     2   6     0.08   0.05  -0.00     0.01  -0.04   0.00     0.06   0.03   0.00
     1   6     0.13   0.10   0.00    -0.03   0.06  -0.00     0.09  -0.06  -0.00
  Atom  AN      X      Y      Z        X      Y      Z        X      Y      Z
 IR Inten    --      3.6756                 4.9032                 2.4927
 Frc consts  --      1.9392                 1.3313                 1.5594
 Red. masses --      2.2034                 1.4763                 1.5412
 Frequencies --   1222.1823              1237.1425              1310.4678
                      A                      A                      A
                     25                     26                     27
    16   1    -0.03  -0.01  -0.00     0.26  -0.42  -0.02    -0.32   0.34   0.01
    15   1    -0.03  -0.01   0.00    -0.26   0.42  -0.02    -0.32   0.34  -0.01
    14   1    -0.03   0.01   0.00     0.26   0.42   0.02    -0.32  -0.34  -0.01
    13   6    -0.03  -0.01   0.00    -0.00   0.00   0.07     0.10  -0.10   0.00
    12   1    -0.03   0.01  -0.00    -0.26  -0.42   0.02    -0.32  -0.34   0.01
    11   6    -0.03   0.01  -0.00    -0.00  -0.00  -0.07     0.10   0.10  -0.00
    10   6     0.05  -0.03  -0.00     0.00  -0.00  -0.03    -0.06   0.08  -0.00
     9   1    -0.39  -0.01   0.00     0.00   0.00  -0.00     0.08   0.01  -0.00
     8   6    -0.01  -0.02   0.00     0.00   0.00   0.01    -0.04   0.01   0.00
     7   1     0.25  -0.52  -0.00    -0.00   0.00  -0.02     0.08  -0.11  -0.00
     6   1     0.25   0.52   0.00    -0.00  -0.00   0.02     0.08   0.11   0.00
     5   6     0.00  -0.06   0.00    -0.00   0.00   0.00     0.04  -0.04  -0.00
     4   6     0.00   0.06  -0.00    -0.00  -0.00  -0.00     0.04   0.04   0.00
     3   1    -0.39   0.01  -0.00     0.00  -0.00   0.00     0.08  -0.01   0.00
     2   6    -0.01   0.02   0.00     0.00  -0.00  -0.01    -0.04  -0.01  -0.00
     1   6     0.05   0.03   0.00     0.00   0.00   0.03    -0.06  -0.08   0.00
  Atom  AN      X      Y      Z        X      Y      Z        X      Y      Z
 IR Inten    --      0.0602                 0.0000                 0.0957
 Frc consts  --      0.9650                 0.9394                 1.5528
 Red. masses --      1.1823                 1.1320                 1.8068
 Frequencies --   1176.9780              1186.7862              1207.7504
                      A                      A                      A
                     22                     23                     24
    16   1    -0.43   0.24  -0.04     0.14  -0.04  -0.01     0.17  -0.11  -0.00
    15   1     0.43  -0.24  -0.04     0.14  -0.04   0.01     0.17  -0.11   0.00
    14   1     0.43   0.24  -0.04    -0.14  -0.04  -0.01    -0.17  -0.11  -0.00
    13   6    -0.00  -0.00   0.06     0.07   0.05   0.00     0.03   0.04   0.00
    12   1    -0.43  -0.23  -0.04    -0.14  -0.04   0.01    -0.17  -0.11   0.00
    11   6     0.00  -0.00   0.06    -0.07   0.05   0.00    -0.03   0.04   0.00
    10   6    -0.00   0.00  -0.06     0.10  -0.12  -0.00     0.12  -0.07  -0.00
     9   1     0.00  -0.00  -0.11    -0.37   0.20  -0.00     0.41  -0.01  -0.00
     8   6     0.00  -0.00   0.02    -0.03   0.19   0.00     0.08   0.00   0.00
     7   1    -0.00   0.00   0.01     0.15  -0.42  -0.00    -0.29   0.36   0.00
     6   1     0.00   0.00   0.01    -0.15  -0.42  -0.00     0.29   0.36   0.00
     5   6     0.00   0.00  -0.00    -0.04  -0.09   0.00    -0.10   0.02  -0.00
     4   6    -0.00   0.00  -0.00     0.04  -0.09  -0.00     0.10   0.02  -0.00
     3   1    -0.00  -0.00  -0.11     0.37   0.20  -0.00    -0.41  -0.01  -0.00
     2   6    -0.00  -0.00   0.02     0.03   0.19   0.00    -0.08   0.00   0.00
     1   6     0.00   0.00  -0.06    -0.10  -0.12  -0.00    -0.12  -0.07  -0.00
  Atom  AN      X      Y      Z        X      Y      Z        X      Y      Z
 IR Inten    --      0.1202                 0.2448                 1.2606
 Frc consts  --      0.8296                 1.9713                 1.4400
 Red. masses --      1.1742                 2.7401                 1.8337
 Frequencies --   1095.1010              1105.0170              1154.5038
                      A                      A                      A
                     19                     20                     21
    16   1    -0.01   0.01  -0.00    -0.02  -0.00  -0.00    -0.42  -0.16  -0.13
    15   1     0.01  -0.01  -0.00    -0.02  -0.00   0.00     0.42   0.16  -0.13
    14   1    -0.01  -0.01   0.00    -0.02   0.00   0.00    -0.42   0.16   0.13
    13   6    -0.00  -0.00   0.00    -0.01  -0.01   0.00     0.00   0.00   0.17
    12   1     0.01   0.01   0.00    -0.02   0.00  -0.00     0.42  -0.16   0.13
    11   6     0.00   0.00  -0.00    -0.01   0.01  -0.00     0.00  -0.00  -0.17
    10   6    -0.00   0.00  -0.01     0.01   0.01   0.00     0.00  -0.00   0.15
     9   1    -0.00   0.00   0.38     0.59  -0.10   0.00    -0.00  -0.00   0.07
     8   6     0.00   0.00  -0.05     0.10  -0.08  -0.00    -0.00  -0.00  -0.03
     7   1    -0.00   0.00  -0.59    -0.07  -0.28  -0.00    -0.00   0.00   0.05
     6   1    -0.00  -0.00   0.59    -0.07   0.28   0.00    -0.00  -0.00  -0.05
     5   6     0.00   0.00   0.09    -0.14  -0.12  -0.00    -0.00  -0.00  -0.00
     4   6     0.00  -0.00  -0.09    -0.14   0.12   0.00     0.00   0.00   0.00
     3   1    -0.00  -0.00  -0.38     0.59   0.10  -0.00    -0.00   0.00  -0.07
     2   6     0.00  -0.00   0.05     0.10   0.08   0.00    -0.00   0.00   0.03
     1   6    -0.00   0.00   0.01     0.01  -0.01  -0.00    -0.00   0.00  -0.15
  Atom  AN      X      Y      Z        X      Y      Z        X      Y      Z
 IR Inten    --      0.0000                 3.7197                 0.0000
 Frc consts  --      0.6874                 1.3396                 1.3722
 Red. masses --      1.2432                 2.1675                 2.1140
 Frequencies --    968.6999              1024.1929              1049.6239
                      A                      A                      A
                     16                     17                     18
    16   1    -0.07  -0.00  -0.02     0.04  -0.42   0.01    -0.07   0.10   0.02
    15   1     0.07   0.00  -0.02     0.04  -0.42  -0.01     0.07  -0.10   0.02
    14   1    -0.07   0.00   0.02     0.04   0.42  -0.01     0.07   0.10   0.02
    13   6     0.00   0.00   0.01    -0.07  -0.30   0.00    -0.00  -0.00  -0.00
    12   1     0.07  -0.00   0.02     0.04   0.42   0.01    -0.07  -0.10   0.02
    11   6    -0.00   0.00  -0.01    -0.07   0.30  -0.00     0.00  -0.00  -0.00
    10   6     0.00   0.00  -0.00    -0.01   0.03   0.00    -0.00   0.00   0.02
     9   1     0.00  -0.00  -0.59     0.11   0.12   0.00     0.00   0.00   0.55
     8   6    -0.00   0.00   0.09     0.05   0.11  -0.00     0.00  -0.00  -0.10
     7   1    -0.00   0.00  -0.36     0.07  -0.07  -0.00    -0.00   0.00  -0.39
     6   1    -0.00  -0.00   0.36     0.07   0.07  -0.00     0.00   0.00  -0.39
     5   6     0.00  -0.00   0.06     0.02   0.02  -0.00     0.00   0.00   0.07
     4   6     0.00   0.00  -0.06     0.02  -0.02   0.00    -0.00   0.00   0.07
     3   1     0.00  -0.00   0.59     0.11  -0.12  -0.00    -0.00  -0.00   0.55
     2   6    -0.00  -0.00  -0.09     0.05  -0.11  -0.00    -0.00  -0.00  -0.10
     1   6     0.00  -0.00   0.00    -0.01  -0.03  -0.00     0.00   0.00   0.02
  Atom  AN      X      Y      Z        X      Y      Z        X      Y      Z
 IR Inten    --      0.0000                 0.5722                 0.7590
 Frc consts  --      0.5792                 1.6763                 0.7044
 Red. masses --      1.2691                 3.4533                 1.3624
 Frequencies --    880.1254               907.6887               936.7648
                      A                      A                      A
                     13                     14                     15
    16   1    -0.26   0.20  -0.01     0.08   0.36   0.18    -0.33  -0.02   0.02
    15   1    -0.26   0.20   0.01    -0.08  -0.36   0.18    -0.33  -0.02  -0.02
    14   1    -0.26  -0.20   0.01    -0.08   0.36   0.18     0.33  -0.02   0.02
    13   6    -0.16   0.13   0.00    -0.00   0.00  -0.06    -0.24  -0.14   0.00
    12   1    -0.26  -0.20  -0.01     0.08  -0.36   0.18     0.33  -0.02  -0.02
    11   6    -0.16  -0.13   0.00    -0.00  -0.00  -0.06     0.24  -0.14   0.00
    10   6     0.06   0.07  -0.00     0.00   0.00   0.05     0.02   0.09  -0.00
     9   1     0.22   0.26  -0.00     0.00   0.00   0.14     0.23   0.15  -0.00
     8   6     0.11   0.26   0.00     0.00   0.00  -0.02    -0.03   0.15   0.00
     7   1     0.12  -0.16  -0.00     0.00  -0.00   0.37    -0.21  -0.04  -0.00
     6   1     0.12   0.16  -0.00     0.00   0.00   0.37     0.21  -0.04  -0.00
     5   6     0.01   0.03   0.00    -0.00   0.00  -0.05    -0.18  -0.11  -0.00
     4   6     0.01  -0.03   0.00     0.00  -0.00  -0.05     0.18  -0.11  -0.00
     3   1     0.22  -0.26  -0.00     0.00  -0.00   0.14    -0.23   0.15   0.00
     2   6     0.11  -0.26   0.00     0.00  -0.00  -0.02     0.03   0.15   0.00
     1   6     0.06  -0.07  -0.00     0.00  -0.00   0.05    -0.02   0.09  -0.00
  Atom  AN      X      Y      Z        X      Y      Z        X      Y      Z
 IR Inten    --      0.1133                24.4737                 0.6562
 Frc consts  --      1.4406                 0.4424                 1.9702
 Red. masses --      3.8800                 1.1848                 4.4393
 Frequencies --    793.8434               796.0981               867.9064
                      A                      A                      A
                     10                     11                     12
    16   1     0.13   0.17  -0.01     0.30   0.01   0.10    -0.13  -0.22  -0.14
    15   1     0.13   0.17   0.01    -0.30  -0.01   0.10     0.13   0.22  -0.14
    14   1    -0.13   0.17  -0.01     0.30  -0.01  -0.10     0.13  -0.22  -0.14
    13   6     0.13   0.18  -0.00    -0.00  -0.00  -0.06     0.00   0.00   0.04
    12   1    -0.13   0.17   0.01    -0.30   0.01  -0.10    -0.13   0.22  -0.14
    11   6    -0.13   0.18  -0.00    -0.00   0.00   0.06    -0.00   0.00   0.04
    10   6    -0.19   0.05   0.00    -0.00   0.00   0.21    -0.00   0.00   0.01
     9   1    -0.04  -0.10  -0.00     0.00   0.00  -0.34    -0.00   0.00   0.35
     8   6    -0.22  -0.09  -0.00     0.00   0.00  -0.18    -0.00  -0.00  -0.04
     7   1    -0.39   0.08  -0.00     0.00  -0.00   0.27     0.00  -0.00   0.45
     6   1     0.39   0.08  -0.00    -0.00   0.00  -0.27     0.00  -0.00   0.45
     5   6    -0.26  -0.17   0.00    -0.00  -0.00   0.19    -0.00  -0.00  -0.05
     4   6     0.26  -0.17   0.00    -0.00   0.00  -0.19     0.00  -0.00  -0.05
     3   1     0.04  -0.10  -0.00     0.00  -0.00   0.34     0.00  -0.00   0.35
     2   6     0.22  -0.09  -0.00     0.00  -0.00   0.18     0.00  -0.00  -0.04
     1   6     0.19   0.05   0.00    -0.00  -0.00  -0.21     0.00   0.00   0.01
  Atom  AN      X      Y      Z        X      Y      Z        X      Y      Z
 IR Inten    --      0.2390                 0.0000                37.4179
 Frc consts  --      1.5498                 1.0710                 0.3564
 Red. masses --      6.3023                 3.5590                 1.1381
 Frequencies --    646.0543               714.6703               729.0016
                      A                      A                      A
                      7                      8                      9
    16   1     0.27  -0.22   0.00     0.27   0.07   0.16    -0.27   0.01  -0.00
    15   1     0.27  -0.22  -0.00    -0.27  -0.07   0.16    -0.27   0.01   0.00
    14   1    -0.27  -0.22   0.00     0.27  -0.07  -0.16    -0.27  -0.01   0.00
    13   6     0.16  -0.11  -0.00     0.00   0.00  -0.02    -0.26   0.00   0.00
    12   1    -0.27  -0.22  -0.00    -0.27   0.07  -0.16    -0.27  -0.01  -0.00
    11   6    -0.16  -0.11  -0.00     0.00   0.00   0.02    -0.26  -0.00  -0.00
    10   6    -0.04   0.21  -0.00    -0.00   0.00   0.20    -0.11  -0.01   0.00
     9   1     0.32   0.06   0.00    -0.00   0.00   0.03     0.16  -0.22   0.00
     8   6     0.10   0.06   0.00     0.00   0.00   0.05     0.11  -0.22  -0.00
     7   1     0.07  -0.18  -0.00    -0.00   0.00  -0.45     0.17   0.17  -0.00
     6   1    -0.07  -0.18  -0.00    -0.00  -0.00   0.45     0.17  -0.17   0.00
     5   6     0.03  -0.11  -0.00    -0.00   0.00  -0.20     0.27  -0.02  -0.00
     4   6    -0.03  -0.11  -0.00    -0.00  -0.00   0.20     0.27   0.02   0.00
     3   1    -0.32   0.06   0.00    -0.00  -0.00  -0.03     0.16   0.22  -0.00
     2   6    -0.10   0.06   0.00     0.00  -0.00  -0.05     0.11   0.22   0.00
     1   6     0.04   0.21  -0.00    -0.00   0.00  -0.20    -0.11   0.01  -0.00
  Atom  AN      X      Y      Z        X      Y      Z        X      Y      Z
 IR Inten    --      2.2196                 0.0000                 0.4815
 Frc consts  --      0.3457                 0.4111                 1.0294
 Red. masses --      3.4132                 2.8913                 5.7762
 Frequencies --    414.6312               491.2501               549.9750
                      A                      A                      A
                      4                      5                      6
    16   1     0.15   0.24   0.36    -0.27  -0.02  -0.27     0.10   0.03   0.05
    15   1    -0.15  -0.24   0.36     0.27   0.02  -0.27    -0.10  -0.03   0.05
    14   1     0.15  -0.24  -0.36     0.27  -0.02  -0.27    -0.10   0.03   0.05
    13   6     0.00   0.00   0.16    -0.00  -0.00  -0.12    -0.00   0.00  -0.01
    12   1    -0.15   0.24  -0.36    -0.27   0.02  -0.27     0.10  -0.03   0.05
    11   6     0.00  -0.00  -0.16     0.00  -0.00  -0.12     0.00   0.00  -0.01
    10   6    -0.00   0.00  -0.00     0.00   0.00   0.24     0.00  -0.00  -0.14
     9   1    -0.00  -0.00   0.16     0.00   0.00   0.01    -0.00  -0.00   0.60
     8   6    -0.00  -0.00   0.09     0.00   0.00   0.09    -0.00  -0.00   0.22
     7   1    -0.00  -0.00   0.15    -0.00   0.00  -0.34    -0.00   0.00  -0.18
     6   1    -0.00   0.00  -0.15    -0.00   0.00  -0.34     0.00   0.00  -0.18
     5   6    -0.00  -0.00   0.08     0.00   0.00  -0.14    -0.00   0.00  -0.11
     4   6    -0.00   0.00  -0.08    -0.00   0.00  -0.14     0.00   0.00  -0.11
     3   1    -0.00   0.00  -0.16    -0.00   0.00   0.01     0.00  -0.00   0.60
     2   6    -0.00   0.00  -0.09    -0.00   0.00   0.09     0.00  -0.00   0.22
     1   6    -0.00  -0.00   0.00    -0.00   0.00   0.24    -0.00  -0.00  -0.14
  Atom  AN      X      Y      Z        X      Y      Z        X      Y      Z
 IR Inten    --      0.0000                 6.7402                 5.4750
 Frc consts  --      0.0412                 0.0868                 0.2618
 Red. masses --      1.8845                 3.1712                 2.7500
 Frequencies --    192.6488               215.5619               401.9644
                      A                      A                      A
                      1                      2                      3
 and normal coordinates:
 incident light, reduced masses (AMU), force constants (mDyne/A),
 activities (A**4/AMU), depolarization ratios for plane and unpolarized
 Harmonic frequencies (cm**-1), IR intensities (KM/Mole), Raman scattering
        0.7212627       0.7881974       7.8762958
 Diagonal vibrational polarizability:
 Low frequencies ---  192.6489  215.5621  401.9645
 Low frequencies ---   -7.1318   -3.9286   -3.7490   -0.0005   -0.0003    0.0002
 Full mass-weighted force constant matrix:
 Calling FoFJK, ICntrl=    100127 FMM=F ISym2X=0 I1Cent= 0 IOpClX= 0 NMat=1 NMatS=1 NMatT=0.
 LDataN:  DoStor=T MaxTD1= 8 Len=  415
 ECPInt:  NShTT=    7260 NPrTT=   21936 LenC2=    7147 LenP2D=   17612.
   1 Symmetry operations used in ECPInt.
 End of Minotr F.D. properties file   788 does not exist.
 End of Minotr F.D. properties file   722 does not exist.
 End of Minotr F.D. properties file   721 does not exist.
 Isotropic polarizability for W=    0.000000       87.78 Bohr**3.
 Solved reduced A of dimension   296 with    51 vectors.
 InvSVY:  IOpt=1 It=  1 EMax= 2.66D-15
      3 vectors produced by pass  7 Test12= 1.47D-14 1.96D-09 XBig12= 1.69D-15 6.53D-09.
      9 vectors produced by pass  6 Test12= 1.47D-14 1.96D-09 XBig12= 2.33D-12 2.38D-07.
     44 vectors produced by pass  5 Test12= 1.47D-14 1.96D-09 XBig12= 2.09D-09 8.52D-06.
     48 vectors produced by pass  4 Test12= 1.47D-14 1.96D-09 XBig12= 1.51D-06 2.40D-04.
     48 vectors produced by pass  3 Test12= 1.47D-14 1.96D-09 XBig12= 6.39D-04 3.34D-03.
     48 vectors produced by pass  2 Test12= 1.47D-14 1.96D-09 XBig12= 2.48D-01 1.22D-01.
     48 vectors produced by pass  1 Test12= 1.47D-14 1.96D-09 XBig12= 2.37D+01 1.17D+00.
 AX will form    48 AO Fock derivatives at one time.
     48 vectors produced by pass  0 Test12= 1.47D-14 1.96D-09 XBig12= 1.23D+02 6.99D+00.
          There are    51 degrees of freedom in the 1st order CPHF.  IDoFFX=6 NUNeed=     3.
 Keep R1 ints in memory in canonical form, NReq=985231896.
          Differentiating once with respect to nuclear coordinates.
                with respect to dipole field.
          Differentiating once with respect to electric field.
          IDoAtm=1111111111111111
 End of G2Drv F.D. properties file   788 does not exist.
 End of G2Drv F.D. properties file   722 does not exist.
 End of G2Drv F.D. properties file   721 does not exist.
 Calling FoFCou, ICntrl=  3107 FMM=F I1Cent=   0 AccDes= 0.00D+00.
 G2DrvN: will do    17 centers at a time, making    1 passes.
 IMax=3 JMax=2 DiffMx= 0.00D+00
 Symmetrizing basis deriv contribution to polar:
 LDataN:  DoStor=T MaxTD1= 7 Len=  274
 ECPInt:  NShTT=    7260 NPrTT=   21936 LenC2=    7147 LenP2D=   17612.
   1 Symmetry operations used in ECPInt.

 **** Warning!!: The largest alpha MO coefficient is  0.78841646D+02

 NROrb=    296 NOA=    28 NOB=    28 NVA=   268 NVB=   268
 NBasis=   296 NAE=    28 NBE=    28 NFC=     0 NFV=     0
 Range of M.O.s used for correlation:     1   296
 DoSCS=F DFT=T ScalE2(SS,OS)=  1.000000  1.000000
            NFock=  1  Conv=0.28D-08     -V/T= 2.0054
 SCF Done:  E(RB3LYP) =  -309.742818269     A.U. after    1 cycles
 No special actions if energy rises.
 Requested convergence on             energy=1.00D-06.
 Requested convergence on MAX density matrix=1.00D-06.
 Requested convergence on RMS density matrix=1.00D-08 within 128 cycles.
         Rot=    1.000000   -0.000000    0.000000   -0.000000 Ang=   0.00 deg.
 B after Tr=    -0.000000   -0.000000   -0.000000
 Initial guess from the checkpoint file:  "checkpoint.chk"
 NBsUse=   296 1.00D-06 EigRej= -1.00D+00 NBFU=   296
 NBasis=   296 RedAO= T EigKep=  8.47D-06  NBF=   296
 LDataN:  DoStor=T MaxTD1= 6 Len=  172
 ECPInt:  NShTT=    7260 NPrTT=   21936 LenC2=    7147 LenP2D=   17612.
   1 Symmetry operations used in ECPInt.
 One-electron integrals computed using PRISM.
 Two-electron integral symmetry is turned on.
 Raffenetti 2 integral format.
 Integral buffers will be    131072 words long.
 NAtoms=   16 NActive=   16 NUniq=   16 SFac= 1.00D+00 NAtFMM=   60 NAOKFM=F Big=F
       nuclear repulsion energy       333.0947446186 Hartrees.
    28 alpha electrons       28 beta electrons
   296 basis functions,   472 primitive gaussians,   336 cartesian basis functions
 There are   296 symmetry adapted basis functions of A   symmetry.
 There are   336 symmetry adapted cartesian basis functions of A   symmetry.
 Standard basis: def2TZVP (5D, 7F)
 Rotational constants (GHZ):           4.4829921           2.0911713           1.4519556
 ---------------------------------------------------------------------
     16          1           0       -2.413468   -1.243936    0.886586
     15          1           0       -2.413471   -1.243943   -0.886575
     14          1           0       -2.413467    1.243938   -0.886586
     13          6           0       -1.967876   -0.789268    0.000004
     12          1           0       -2.413469    1.243944    0.886576
     11          6           0       -1.967875    0.789269   -0.000004
     10          6           0       -0.451441    0.695001    0.000000
      9          1           0        0.733710    2.516487    0.000001
      8          6           0        0.717586    1.433241    0.000002
      7          1           0        2.856397    1.221577    0.000000
      6          1           0        2.856398   -1.221577   -0.000001
      5          6           0        1.907869    0.698505    0.000001
      4          6           0        1.907869   -0.698504   -0.000001
      3          1           0        0.733710   -2.516487   -0.000002
      2          6           0        0.717586   -1.433241   -0.000002
      1          6           0       -0.451441   -0.695003    0.000000
