 Normal termination of Gaussian 16 at Fri Jun 10 22:02:38 2022.
 File lengths (MBytes):  RWF=    182 Int=      0 D2E=      0 Chk=     32 Scr=      1
 Elapsed time:       0 days  0 hours 10 minutes  5.6 seconds.
 Job cpu time:       0 days  2 hours  0 minutes 59.0 seconds.
 THEIR WATCHES AND STARTS SHAKING THEM.
 YOU KNOW YOU'VE SPOKEN TOO LONG WHEN THE AUDIENCE STOPS LOOKING AT


 00000028\\\@
 .00000165,0.00002642,0.00001745,-0.00000065,-0.00000120,-0.00001102,0.
 .00000172,-0.00000635,-0.00002337,-0.00000885,-0.00000644,0.00001500,0
 0.00000531,-0.00001524,0.00001617,0.00000689,-0.00000536,0.00000523,-0
 0.00000037,0.00000160,-0.00000473,-0.00000023,-0.00000989,-0.00000539,
 5,-0.00000932,0.00000472,0.00000364,-0.00000522,0.00000660,0.00000419,
 7,-0.00000539,-0.00004388,-0.00001212,0.00002129,0.00003731,-0.0000050
 33,0.00004009,0.00000292,-0.00004668,-0.00001868,0.00001914,-0.0000021
 279,-0.00002163,0.00001291,0.00001630,-0.00000419,-0.00000878,0.000095
 8,-0.10248176,-0.06815720,-0.17856534,0.11167454\\-0.00001449,-0.00006
 7,-0.00492970,-0.00056441,-0.00060488,-0.00128861,0.07082421,0.1760368
 574,0.00157589,0.00057802,0.00057828,0.00193592,-0.00164555,-0.0036868
 01277,0.00007711,0.00049010,-0.00081480,0.00040485,0.00082434,-0.00002
 099770,0.00193402,-0.00002562,-0.00004909,0.00004235,-0.00001616,0.000
 .00538322,-0.00785554,0.00199339,0.00084204,0.00040070,0.00054376,0.00
 .00040671,-0.00006422,-0.00114542,0.00006540,-0.00139759,-0.00339770,0
 0.00011333,-0.00015308,-0.00014432,0.00055574,0.00011523,0.00011635,-0
 0.09208106,0.34421275,-0.00010664,-0.00020525,0.00000990,-0.00016715,-
 ,0.00007123,0.00047456,-0.00110652,-0.08262528,-0.33092160,0.17268916,
 ,-0.00055741,-0.00001152,0.00097039,-0.01362449,-0.01376381,0.00840682
 ,-0.00013815,-0.00054510,-0.00003161,0.00508290,-0.00256964,0.00030228
 2,-0.00002133,-0.00002063,0.00001143,0.00005561,-0.00002800,0.00009188
 362,-0.00020433,0.00212678,-0.00004508,0.00037438,0.00039910,0.0006482
 102,0.00029571,0.00186142,-0.00086737,-0.00057227,-0.00081964,-0.00249
 01861,-0.00022999,0.00018854,0.00000391,0.00018138,-0.00007074,0.00002
 22022,0.00000680,-0.00002781,-0.00005421,-0.00017581,-0.00048465,0.000
 18189,-0.00078443,-0.00020681,-0.09773890,-0.08205427,0.06937626,0.089
 0110645,0.00084388,0.00020587,0.01328139,0.01304025,-0.01309463,-0.000
 .00013138,0.00122016,0.00036606,-0.00233680,0.00531527,-0.00043435,0.0
 .00002265,0.00006210,-0.00002886,-0.00002093,-0.00000060,0.00006203,-0
 -0.00712658,-0.00045028,0.00309027,0.00064802,-0.00112886,0.00079867,0
 ,0.00165186,-0.00158901,-0.00126489,0.00182932,-0.02703195,0.00937838,
 0,0.00043955,-0.00106351,-0.00021579,-0.00015922,0.00078668,0.00018688
 933,0.00022249,0.00074230,0.00019002,-0.00072626,0.00001120,-0.0002519
 8986,0.00398865,-0.01229889,0.00012457,-0.17813932,-0.29900793,0.26301
 0095822,0.00349150,0.00301575,0.00228093,0.00402144,0.03798883,-0.0677
 00087278,-0.00103791,0.00067214,-0.00091111,0.01116675,0.03046351,-0.0
 .00252561,-0.00003067,0.00001321,-0.00010556,-0.00040502,0.00012028,0.
 ,-0.09003821,0.01821362,0.03831302,-0.00751602,0.00017591,0.00353558,0
 4,0.00005109,-0.00064186,-0.00200975,-0.00087295,0.06983454,0.02497977
 296,0.00194331,0.00030846,0.00082182,-0.00013938,0.00016487,-0.0006547
 5154,0.79496813,0.00015984,-0.00003472,-0.00000458,-0.00064708,0.00139
 93281,-0.23372044,0.03560390,-0.00257214,0.00271563,-0.00111257,0.0030
 170519,-0.07845575,0.04295345,-0.00335449,-0.00103589,0.00351655,0.101
 0129014,-0.00012314,0.00112542,0.00010089,0.00307068,-0.00057549,-0.02
 .00217544,-0.00518544,0.00225949,0.00011779,0.00012573,-0.00008711,0.0
 0.01982277,-0.11037184,0.02516498,-0.01199597,-0.04540862,0.02728049,0
 ,-0.00040881,0.00071092,0.00012241,0.03145160,0.00761856,-0.01334758,-
 9,0.00132803,-0.00296515,0.00037509,0.00067279,-0.00104776,-0.00010189
 95,0.02947574,-0.00828210,0.58651253,-0.00020740,0.00002598,-0.0002060
 921,-0.00184693,0.00271439,-0.17678206,0.10347052,0.00555496,-0.011875
 5773,-0.00161230,0.00004826,0.00232823,0.01627059,-0.00287141,-0.00191
 000558,0.00009430,0.00005451,-0.00080394,0.00031780,-0.00065954,0.0013
 02706162,-0.04672672,0.03059983,0.00133410,0.00048646,0.00163559,-0.00
 .04228381,0.00461431,0.01117823,-0.23857135,-0.02494298,0.06713123,-0.
 .00323794,-0.00647619,-0.00065788,-0.00206805,0.00529202,0.00055944,-0
 ,-0.00134855,0.00212425,0.00017609,0.00568849,-0.00096714,0.00013353,0
 6,0.10229519,0.01076407,-0.05967899,-0.10497012,-0.00832869,0.05697284
 ,0.00858349,-0.00503928,-0.00028192,-0.00110878,-0.00086322,-0.0021878
 ,0.00000149,-0.00002419,-0.00040725,-0.00003808,-0.00007739,0.00002769
 798,0.00068883,0.00003677,0.00093102,0.00000038,-0.00003121,0.00006109
 0211099,0.00001360,0.00241174,0.00114347,0.00271725,0.00296952,0.00245
 .00027557,0.00015443,-0.00035961,-0.00020853,0.00032310,0.00026512,0.0
 0.00005996,-0.00010107,0.00023798,-0.00011203,-0.00025856,0.00040352,0
 ,-0.05559565,0.01324329,-0.01062794,0.04924118,0.00018775,-0.00014603,
 55,0.00975639,0.00257275,0.00053954,-0.00020988,-0.00125289,0.00040074
 79,-0.00001660,-0.00008167,-0.00005248,0.00001815,0.00001738,-0.017890
 95141,0.00095012,0.00032598,0.00000402,0.00001507,-0.00001226,0.000122
 46657,-0.00500119,0.00246593,-0.00233443,-0.00278290,0.00373314,-0.000
 00004862,0.00012105,-0.00003581,0.00167266,0.00083684,0.00019698,0.000
 00013364,-0.00047143,-0.00003395,0.00010232,-0.00021517,0.00007213,-0.
 ,0.00877154,0.09899444,0.33846686,0.00003910,0.00016383,0.00002146,-0.
 ,0.00377817,0.00062938,-0.00018848,-0.00066753,-0.00066562,-0.32167727
 0.00000701,-0.00016989,-0.00001251,-0.00002284,-0.00000396,-0.00544922
 0.00040994,0.00025083,-0.00000108,-0.00001187,0.00002223,-0.00005852,-
 ,0.00264821,-0.00069579,0.00013666,-0.00172591,0.00227258,-0.00020361,
 ,-0.00007851,-0.00010238,-0.00030770,-0.00021458,0.00087344,0.00132552
 2,0.00020425,-0.00000460,-0.00000555,0.00006895,0.00014237,-0.00000049
 60,-0.15981872,0.24705201,0.00003856,-0.00002396,0.00000284,-0.0000053
 169,0.10204807,-0.12596762,0.00235442,0.00050760,-0.00225545,-0.221481
 5616,-0.00007901,-0.00000952,0.00009648,0.00015265,-0.00045525,0.07325
 0154866,0.00055951,0.00248290,0.00003831,-0.00006332,0.00008216,0.0002
 0.00964733,0.00754560,0.00858031,0.03910802,-0.00792607,0.00261119,0.0
 ,0.00073762,-0.00156514,-0.00024861,0.00465200,-0.00015291,0.00003153,
 19,-0.00022144,0.00064062,0.00049993,-0.00147554,0.00221187,0.00038416
 021,0.00848048,-0.01954947,0.53696778,0.00003313,-0.00131476,-0.000389
 289,0.00053048,-0.08811955,-0.22968435,0.09559663,-0.01605562,-0.01044
 854,-0.00004532,-0.00026900,0.00019031,-0.00038498,0.00036076,-0.00115
 607471,0.00754752,0.00305225,-0.00092825,0.00177758,0.00000130,0.00017
 0395053,0.00309826,0.04407909,-0.02011053,-0.00125855,-0.04365660,0.02
 00662254,-0.00138553,-0.00137102,0.00546950,0.00107655,-0.00803629,0.0
 .00301384,0.00030756,0.00213715,-0.00382653,-0.00058798,0.00261807,-0.
 ,0.08086424,0.01073236,0.00921800,-0.00810879,0.78581251,-0.00047338,0
 5,-0.00005391,0.00012834,0.00116096,0.00001549,-0.17722118,-0.10669789
 2,0.00074982,-0.00001613,-0.00001095,-0.00016553,-0.00035433,0.0000269
 325,0.02169251,-0.05542590,0.00752473,0.01976303,-0.00416627,0.0040002
 798,-0.00043467,-0.00365247,-0.00499153,0.00197132,-0.07081259,0.01761
 6968,-0.00020253,-0.00046166,0.00394505,0.00073823,0.00036790,-0.00320
 658598,0.04995176,0.00005053,-0.00191008,-0.00001868,0.00019686,0.0041
 001894,-0.00012439,-0.01469464,0.08110909,-0.05360283,0.01890343,-0.08
 00141,-0.00002084,-0.00000903,0.00000130,-0.00010852,-0.00015388,-0.00
 35651,0.00186648,-0.00110346,-0.00048689,-0.00176282,-0.00000862,0.000
 00045715,0.00102129,0.00271048,0.00032807,0.00293224,0.00002883,-0.006
 0.00004294,0.00011561,-0.00004054,0.00001483,-0.00007732,0.00003674,0.
 ,0.00006173,0.00006426,0.00008191,-0.00019683,-0.00002845,0.00011316,-
 9,0.08537444,-0.30060916,0.08163475,-0.09280263,0.31474211,-0.00001024
 25,0.00002322,-0.00000066,-0.00004879,0.00002324,0.00001142,-0.0000267
 817,0.00004201,-0.00019112,-0.00085170,0.00000182,0.00000422,-0.000002
 39293,0.00121245,0.00043920,0.00092223,-0.00140175,-0.00278684,0.00130
 0001848,-0.00002210,0.00022310,0.00001608,-0.00005572,0.00019715,0.000
 005079,-0.00000667,-0.00019298,-0.00002939,0.00004115,-0.00028191,-0.0
 .08323202,0.08715012,-0.01602169,0.07723183,0.00002312,0.00014297,0.00
 00004162,-0.00001267,-0.00000160,-0.00035653,0.00040495,-0.00004101,-0
 0049206,-0.00123019,-0.00047206,-0.00000858,-0.00000930,0.00000961,-0.
 0.00539642,0.00214243,0.00222528,0.00039757,0.02273096,-0.00965596,0.0
 0.00007457,-0.00053115,-0.00011357,0.00098360,0.00100071,-0.00028497,-
 62,0.00016885,0.00019418,0.00000590,-0.00004333,0.00068325,0.00016809,
 9,-0.10210502,-0.22592768,0.23816967,-0.00000108,-0.00029269,-0.000036
 27,-0.00007580,0.00008955,-0.00002898,-0.00052341,0.00070758,0.0003911
 354,0.01057017,-0.00774846,0.00006887,-0.00002802,0.00013626,-0.000257
 1158,-0.00198369,-0.00698638,0.01346283,0.03048134,0.01248598,-0.07422
 108676,-0.00076201,0.00196630,0.00088454,-0.00037757,0.00579856,0.0019
 033289,0.00246616,-0.00168774,-0.00039032,0.00114446,-0.00203451,-0.00
 0040681,-0.00005626,-0.09133334,0.75966095,-0.00097278,0.00014066,0.00
 .00016058,-0.00036551,0.00017897,0.00005246,0.00003484,0.00102948,-0.0
 -0.13039511,0.00262384,-0.01477059,0.01069982,0.00047674,-0.00001058,0
 7,-0.00458156,0.00301669,0.01816524,-0.03357753,0.01135282,0.08293018,
 1,-0.00070048,-0.00004974,-0.00064198,0.00030447,0.00021324,-0.0005961
 19,0.00055115,0.00013318,-0.00138631,-0.00020544,-0.00000783,0.0009150
 591,0.00012383,-0.00014380,0.00018584,-0.00088173,0.53124288,-0.000296
 28,-0.00114981,-0.00002443,-0.00016912,0.00003951,-0.00000531,-0.00012
 046,-0.02084708,-0.24982467,0.05440599,0.04391434,-0.01071876,0.009008
 5866,-0.00097022,0.00706499,-0.00579431,0.00096585,-0.00716187,0.06967
 282941,0.00108561,-0.00286184,0.00608938,0.00118174,0.00133122,-0.0048
 2130757,0.02371365,0.00027128,-0.00265007,-0.00048864,-0.00325870,0.00
 0034561,0.00019950,-0.00065125,0.00020240,-0.00700935,-0.00989246,-0.0
 0087290,0.00194395,0.00002753,-0.00008733,-0.00006236,-0.00021348,-0.0
 01502355,-0.03224261,-0.00227374,0.00453564,0.00207485,0.00102598,-0.0
 .00048288,0.00087640,-0.00013642,-0.00032315,-0.00067199,0.01360653,0.
 9,0.00090885,0.00852953,-0.00270054,0.00192553,0.00331546,0.00047785,0
 0922,0.00037939,0.00177977,-0.00064070,0.10094497,0.30231187,0.0012268
 03,-0.00011816,-0.00000806,-0.00004685,-0.00012467,-0.00025530,-0.0001
 867,-0.01008393,-0.02307481,0.00382805,0.00287101,0.00007526,-0.002073
 8359,-0.00023480,0.00029701,0.00005760,-0.09541209,-0.28302138,0.01845
 2065,-0.00087679,-0.00139663,0.00037476,0.00069272,-0.00047969,-0.0000
 021189,-0.00057229,-0.00046409,0.10675114,0.00062556,0.00277651,0.0009
 0007943,0.00002347,0.00001782,-0.00073814,-0.00082449,-0.00008418,0.00
 .00827973,0.02062292,-0.00246538,-0.00259709,0.00122683,0.00115625,0.0
 .00021208,-0.00077396,-0.00033097,-0.09348698,-0.09271588,0.00991411,0
 -0.01510405,-0.03088718,0.00177183,-0.00064172,0.00161572,0.00069164,0
 3,-0.00605292,0.00879804,0.02316776,-0.00380814,0.00001612,0.00085210,
 681,0.00005705,0.00004166,0.00012991,-0.00056383,0.00010930,-0.0004754
 1497,0.00140745,-0.00106408,0.00981003,0.00037788,-0.00004199,-0.00048
 65779,0.00023520,-0.00004561,0.00011927,-0.00196967,-0.00164717,0.0034
 0241027,0.00878042,-0.00553367,-0.03313403,0.00013941,0.00118916,0.001
 0122162,-0.00063832,-0.11979477,0.28984627,-0.00124783,-0.00190165,0.0
 .00017147,0.00006977,-0.00003040,0.00002689,-0.00008320,0.00027210,0.0
 00195128,-0.00016333,-0.00110934,0.00194370,-0.00056635,-0.00012520,-0
 .00238121,0.00201161,0.00071777,-0.00038868,-0.00087690,-0.00117888,0.
 02260955,-0.00178578,0.11707441,-0.27129300,-0.00708863,-0.00294677,-0
 .00007503,0.00130635,-0.00000114,-0.00029573,0.12975554,0.00749480,-0.
 .00173948,-0.00003712,-0.00012232,0.00010126,-0.00000953,0.00004358,-0
 0.00097653,-0.01701434,0.02955760,0.00035446,-0.00324927,-0.00241158,0
 0.00585193,-0.00183152,-0.00431070,0.00099186,0.00080752,-0.00018637,-
 ,0.02878980,0.00561174,-0.01969191,-0.00073918,-0.11426660,0.11513648,
 46,-0.00016593,0.00007792,0.00002170,0.00048982,-0.07509902,0.02231379
 4077,0.00136138,-0.00058296,0.00090929,0.00024895,-0.00028669,0.000414
 745835,-0.00447716,-0.00160666,0.00073108,0.00387448,0.00115373,0.0003
 406853,-0.03403136,-0.00054412,-0.00195564,0.00438403,0.01046351,-0.00
 0003982,0.00000573,-0.00026205,-0.05609850,0.06429898,0.06687270,-0.01
 00033485,-0.00063845,0.00010772,0.00022989,-0.00009076,0.00011976,-0.0
 00479293,-0.00006571,0.00011989,-0.00141387,-0.00347082,-0.00002580,0.
 .02527923,0.00619829,0.00497256,0.03198325,-0.01146591,-0.00876164,-0.
 0.00000509,0.00002791,0.32231766,0.05594681,-0.05620117,-0.01835519,-0
 0.00006075,0.00019652,-0.00001107,0.00011320,-0.00002284,-0.00004268,-
 -0.00408946,-0.00023175,0.00098107,-0.00260463,0.00063636,0.00011693,-
 0,0.00286303,0.00425585,-0.00705652,0.00822673,0.00301612,-0.00012868,
 26,-0.07876934,0.10050448,-0.29968076,0.05141500,0.06805240,-0.0170310
 75,-0.00051042,-0.00321834,0.11629993,0.07461746,-0.10089348,-0.122536
 7,-0.00204222,-0.00066384,-0.00117640,-0.00127818,-0.00223956,0.006345
 880,0.00121202,-0.00032938,-0.00253141,0.00317601,0.00054632,0.0010369
 5297,0.10715916,0.11069451,0.00089648,-0.00064954,-0.00044316,-0.00011
 2854,-0.02205186,-0.00307847,0.00918392,-0.09639473,-0.11411683,0.0739
 623,-0.00029432,-0.00078458,-0.00058762,-0.00037374,0.00046624,-0.0013
 39793,-0.00007179,-0.00045641,0.00005005,0.00013385,0.00152897,0.00102
 497388,-0.09848342,0.11581594,0.23609091,0.00028563,-0.00002222,-0.000
 091387,-0.00073760,-0.00059522,0.00553766,0.00187630,-0.00296077,-0.22
 96499,0.00067890,-0.00120959,-0.00123554,-0.00042986,-0.00083337,-0.00
 14097,-0.00007724,-0.00010151,0.00018791,0.00028005,-0.00016559,-0.001
 19997,0.09538262,-0.10843632,-0.21388934,-0.20678606,0.27845436,-0.000
 244067,0.00231695,-0.00049770,-0.00260294,-0.00165743,0.00419221,0.011
 037037,-0.00094207,0.00028095,0.00113116,-0.00436019,-0.00025484,-0.00
 08648887,0.05658386,0.57595147,-0.00006252,0.00152861,0.00026682,-0.00
 .00038440,0.01762447,-0.02401322,0.00476957,-0.00381055,-0.28669979,0.
 0.00159212,-0.00063166,0.00079423,-0.00193028,0.00022410,-0.00215942,0
 64,0.65796529,0.00277442,0.00208023,0.00103638,-0.01125769,0.00152227,
 327,0.00519984,0.02314086,-0.00897430,-0.09795694,-0.00823219,0.013775
 0231,0.00040102,-0.00261607,-0.00151795,-0.00154980,0.00177841,0.00088
 01067,-0.00052881,0.00064636,0.00046543,0.00299311,-0.00121930,-0.0007
 138778,0.01007443,0.01171516,-0.05582895,-0.09954889,-0.14414846,0.228
 486945,0.00045791,-0.00086613,-0.00251208,-0.00039105,-0.00022528,0.00
 6721057,-0.00013882,0.00126128,-0.00463114,0.00037639,-0.00293258,0.00
 00098960,-0.00103610,0.05550792,-0.19314200,0.01612393,-0.12689882,0.6
 0.00892567,-0.00422896,-0.00151168,0.00254883,0.00140869,0.00012729,0.
 ,0.00424772,0.59692206,-0.00412690,-0.00554330,-0.00103417,0.02500807,
 8,-0.00175016,0.00044927,-0.00120743,0.00090750,-0.16032479,0.09122620
 22,0.00043643,-0.03596420,0.02640273,0.00278636,-0.00051927,-0.0017133
 514,-0.00074097,-0.04545720,-0.03315323,0.12495682,0.00549622,0.005383
 9472,-0.05305064,-0.00086849,-0.00177514,0.00128511,0.00025621,0.00100
 01561672,0.59968640,0.00221444,0.00270408,0.00608740,0.02483293,0.0008
 0.00863913,0.01470012,0.00251396,0.00316210,-0.00992774,-0.00152074,0.
 0.02752788,-0.00567843,0.00073271,-0.02350395,-0.10743339,0.00450705,-
 ,0.00935950,0.00267825,-0.00112116,0.00044785,-0.00126459,0.79101588,-
 0,-0.02726657,0.00025181,-0.46103778,0.00235691,0.02185905,-0.00011202
 3,-0.22007892,-0.10376556,-0.02244345,0.24038920,0.08896029,-0.0266423
 6005,-0.02001656,0.00690694,0.00535585,0.00175228,0.00475436,0.0219686
 0435,0.07592602,-0.92095797,-0.22215044,-0.08977342,0.96287578,-0.0021
 867831,0.01894115,-0.05230385,-0.01995494,0.00196467,0.01566726,0.0013
 00331776,-0.00122530,0.00264540,-0.06534042,0.07721148,0.02368379,0.03
 0.04812216,0.33843394,0.17942307,0.03300027,0.01718918,-0.00121007,-0.
 02798658,-0.10492753,-0.06686414,-0.00780513,-0.00606136,-0.00557933,-
 10308682,-0.00750103,-0.06139604,-0.00757193,-0.12680311,1.41512468,0.
 01068099,-0.00772832,-0.00756152,0.17291979,0.04260503,-0.42933668,-0.
 -0.03937836,0.00963998,0.11463050,-0.10684046,0.03540547,0.02475745,0.
 ,0.00172712,-0.01899498,0.58843748,0.00787135,-0.00328590,-0.04190072,
 ,-0.14718020,-0.05832443,0.01016041,0.77797565,-0.09342570,-0.17062932
 0\\0.54148018,-0.00268497,0.73359781,-0.10275028,0.13994526,0.12359630
 2.6460016,-4.5985229,-1.8409345,63.1709406\PG=C01 [X(C8H7N1O1)]\NImag=
 0.0241593,0.0110305,0.0386591,0.2589345\Polar=149.023662,-8.4241687,11
 .0852727,-0.2570392,0.2268403,0.0607389,0.0113246,0.0467234,0.1951943,
 18965,-0.1591378,0.0230425,-0.3133714,-0.4658517,0.1817723,0.0580837,0
 60894,-0.0030879,0.088296,0.0388759,0.0511706,0.0324063,0.1476433,0.17
 02,-0.172726,-0.1408937,-0.1236187,-0.0827416,-0.0140525,0.0081483,0.0
 ,0.0468422,0.1431483,-0.3440522,0.0041587,-0.0149704,0.4577847,0.19079
 0.0581802,0.0567321,0.0058026,0.0723946,-0.0200279,0.0559207,0.0160038
 10202,-0.1100045,-0.017747,-0.0552637,0.0967166,-0.0603386,-0.1992582,
 2,0.0161349,-0.0259682,0.0256975,0.1288155,-0.3075414,-0.0083867,-0.05
 .023614,0.1332358,-0.0202258,-0.0753943,0.0131969,-0.0152791,-0.092505
 8336,0.0474701,0.0075827,0.0444239,-0.0689917,-0.0086692,-0.0126765,-0
 7,-0.0152423,0.0601067,-0.0270685,0.0413245,-0.001095,0.1880872,-0.004
 ,0.0300243,0.0708676,0.0270016,0.1143209,0.0512816,-0.0426176,0.018543
 .0016476,-0.1472167,0.005589,-0.0367126,0.0717006,-0.0210229,0.0768077
 209,-0.110661,-0.0292522,-0.205945,-0.0850834,-0.0182116,-0.0682144,-0
 0.3258379,-0.0260437,-0.0817936,-0.1401167,-0.0641763,0.0593592,0.0912
 0409807,0.0619907,0.0077067,-0.1532842,-0.046568,0.2113616,-0.1201731,
 762,-0.2379219,0.1418809,-0.2673139,0.0234911,-0.3972882,0.1420139,-0.
 .0862549,0.0336513,-0.7891884,-1.5046652,-0.3894489,-0.1255241,-0.3366
 8086464,2.0200912,0.5255783,0.1263079,0.4752891,0.3499474,-0.1580792,0
 5115,0.0781093,0.0070026,-0.1434824,0.0996832,-0.2548412,-0.0563334,0.
 7114,-0.3025481,0.237307,0.3393963,0.0094122,0.6509674,0.3417905,0.040
 .1408042,-0.0068931,-0.5363489,-0.8341748,-0.1188151,-0.0982116,-0.134
 1390205\Dipole=0.1819068,0.9027355,-0.1878953\DipoleDeriv=-0.1885268,0
 9.1538536\RMSD=4.591e-09\RMSF=2.248e-05\ZeroPoint=0.1300537\Thermal=0.
 .412903\H,2.327098,1.622987,-0.882663\\Version=ES64L-G16RevA.03\HF=-43
 327281,-0.249804\H,3.847501,-0.348047,-0.589466\N,2.044376,0.780907,-0
 .06476,-1.285504,0.377373\H,2.397682,-2.269877,0.661287\C,2.826185,-0.
 412775\H,-2.056328,2.531124,0.167919\H,0.224413,2.620975,-0.018846\C,2
 0.735633,0.586719\H,-0.036201,-1.217322,1.09824\H,-3.503169,0.64774,0.
 9\C,-0.200657,1.624424,0.059272\C,0.77364,0.55778,0.081357\C,0.77841,-
 0.134051\C,-2.267265,-0.80583,-0.185789\O,-2.162411,-1.924035,-0.46972
 \int_initalOpt\\0,1\C,-2.46546,0.451627,0.163305\C,-1.545004,1.576809,
 \#N Geom=AllCheck Guess=TCheck SCRF=Check GenChk RB3LYP/def2TZVP Freq\
 1\1\GINC-BHC0068\Freq\RB3LYP\def2TZVP\C8H7N1O1\DHANAWAY\10-Jun-2022\0\
 ----------------------------------------------------------------------

   zz         0.109962D+03      0.162947D+02      0.181303D+02
   zy        -0.667566D+01     -0.989231D+00     -0.110067D+01
   zx         0.146827D+01      0.217575D+00      0.242085D+00
   yy         0.690295D+02      0.102291D+02      0.113814D+02
   yx         0.206958D+02      0.306679D+01      0.341227D+01
   xx         0.145849D+03      0.216126D+02      0.240473D+02
   aniso      0.765337D+02      0.113411D+02      0.126187D+02
   iso        0.108280D+03      0.160455D+02      0.178530D+02
               (au)            (10**-24 esu)      (10**-40 SI)
 Alpha(0;0):
 (esu units = cm**3 , SI units = C**2 m**2 J**-1)
 Dipole polarizability, Alpha (dipole orientation).

   z          0.939854D+00      0.238887D+01      0.796842D+01
   y          0.000000D+00      0.000000D+00      0.000000D+00
   x          0.000000D+00      0.000000D+00      0.000000D+00
   Tot        0.939854D+00      0.238887D+01      0.796842D+01
                  (au)            (Debye)         (10**-30 SI)
 (Debye = 10**-18 statcoulomb cm , SI units = C m)
 Electric dipole moment (dipole orientation):

     1          3.46228070          1.57452986          4.13047808
     7          3.36304954          1.00690921          2.32114625
     1          6.93003658          2.34841380          0.99819154
     6          5.17843517          1.42380878          0.53401294
     1          5.29594067          0.49314385         -3.49290929
     6          4.29440758          0.48103904         -1.72068710
     1         -0.36341131         -1.04490395          4.84651264
     1         -4.44421632         -2.01239950          3.77867955
     1         -6.45202567         -2.05779386         -0.26152797
     1          0.69181210         -1.47229317         -2.63770073
     6          1.85502796         -0.51573328         -1.27219531
     6          1.28277801         -0.16479982          1.26464713
     6         -0.82126188         -0.87586274          2.85269714
     8         -3.56728441          1.05989818         -4.10574901
     6         -3.98277534          0.02540200         -2.22172425
     6         -3.24110714         -1.38438807          2.24632227
     6         -4.58608781         -1.21550652         -0.14369860
 Dipole orientation:

 ----------------------------------------------------------------------

   zz         0.631709D+02      0.936097D+01      0.104155D+02
   zy        -0.184093D+01     -0.272798D+00     -0.303529D+00
   zx        -0.459852D+01     -0.681431D+00     -0.758194D+00
   yy         0.112646D+03      0.166924D+02      0.185728D+02
   yx        -0.842417D+01     -0.124833D+01     -0.138896D+01
   xx         0.149024D+03      0.220830D+02      0.245707D+02
   aniso      0.765337D+02      0.113411D+02      0.126187D+02
   iso        0.108280D+03      0.160455D+02      0.178530D+02
               (au)            (10**-24 esu)      (10**-40 SI)
 Alpha(0;0):
 (esu units = cm**3 , SI units = C**2 m**2 J**-1)
 Dipole polarizability, Alpha (input orientation).

   z         -0.187895D+00     -0.477582D+00     -0.159304D+01
   y          0.902736D+00      0.229452D+01      0.765371D+01
   x          0.181907D+00      0.462361D+00      0.154227D+01
   Tot        0.939854D+00      0.238887D+01      0.796842D+01
                  (au)            (Debye)         (10**-30 SI)
 (Debye = 10**-18 statcoulomb cm , SI units = C m)
 Electric dipole moment (input orientation):

 ----------------------------------------------------------------------


 GradGradGradGradGradGradGradGradGradGradGradGradGradGradGradGradGradGrad
 --------------------------------------------------------------------------------
 ! D32   D(15,14,16,17)          2.8902         -DE/DX =    0.0                 !
 ! D31   D(15,14,16,6)         179.0176         -DE/DX =    0.0                 !
 ! D30   D(12,14,16,17)       -176.9692         -DE/DX =    0.0                 !
 ! D29   D(12,14,16,6)          -0.8417         -DE/DX =    0.0                 !
 ! D28   D(13,12,14,16)       -179.0263         -DE/DX =    0.0                 !
 ! D27   D(13,12,14,15)          1.1327         -DE/DX =    0.0                 !
 ! D26   D(7,12,14,16)           0.5059         -DE/DX =    0.0                 !
 ! D25   D(7,12,14,15)        -179.3351         -DE/DX =    0.0                 !
 ! D24   D(8,7,12,14)         -176.8617         -DE/DX =    0.0                 !
 ! D23   D(8,7,12,13)            2.6655         -DE/DX =    0.0                 !
 ! D22   D(6,7,12,14)           -0.0026         -DE/DX =    0.0                 !
 ! D21   D(6,7,12,13)          179.5246         -DE/DX =    0.0                 !
 ! D20   D(7,6,16,17)          176.999          -DE/DX =    0.0                 !
 ! D19   D(7,6,16,14)            0.8284         -DE/DX =    0.0                 !
 ! D18   D(5,6,16,17)           -6.4329         -DE/DX =    0.0                 !
 ! D17   D(5,6,16,14)          177.3965         -DE/DX =    0.0                 !
 ! D16   D(16,6,7,12)           -0.4921         -DE/DX =    0.0                 !
 ! D15   D(16,6,7,8)           176.3598         -DE/DX =    0.0                 !
 ! D14   D(5,6,7,12)          -176.3432         -DE/DX =    0.0                 !
 ! D13   D(5,6,7,8)              0.5087         -DE/DX =    0.0                 !
 ! D12   D(11,5,6,16)          -20.7307         -DE/DX =    0.0                 !
 ! D11   D(11,5,6,7)           154.6791         -DE/DX =    0.0                 !
 ! D10   D(2,5,6,16)           160.0523         -DE/DX =    0.0                 !
 ! D9    D(2,5,6,7)            -24.5379         -DE/DX =    0.0                 !
 ! D8    D(10,2,5,11)           -3.5008         -DE/DX =    0.0                 !
 ! D7    D(10,2,5,6)           175.7113         -DE/DX =    0.0                 !
 ! D6    D(1,2,5,11)           175.6665         -DE/DX =    0.0                 !
 ! D5    D(1,2,5,6)             -5.1215         -DE/DX =    0.0                 !
 ! D4    D(9,1,2,10)           -12.0726         -DE/DX =    0.0                 !
 ! D3    D(9,1,2,5)            168.736          -DE/DX =    0.0                 !
 ! D2    D(3,1,2,10)           161.2894         -DE/DX =    0.0                 !
 ! D1    D(3,1,2,5)            -17.902          -DE/DX =    0.0                 !
 ! A26   L(1,3,4,6,-2)         178.7746         -DE/DX =    0.0                 !
 ! A25   L(1,3,4,6,-1)         183.4738         -DE/DX =    0.0                 !
 ! A24   A(14,16,17)           125.0778         -DE/DX =    0.0                 !
 ! A23   A(6,16,17)            124.1495         -DE/DX =    0.0                 !
 ! A22   A(6,16,14)            110.6516         -DE/DX =    0.0                 !
 ! A21   A(15,14,16)           121.4044         -DE/DX =    0.0                 !
 ! A20   A(12,14,16)           107.6279         -DE/DX =    0.0                 !
 ! A19   A(12,14,15)           130.9675         -DE/DX =    0.0                 !
 ! A18   A(13,12,14)           125.8559         -DE/DX =    0.0                 !
 ! A17   A(7,12,14)            107.4655         -DE/DX =    0.0                 !
 ! A16   A(7,12,13)            126.6768         -DE/DX =    0.0                 !
 ! A15   A(8,7,12)             125.7994         -DE/DX =    0.0                 !
 ! A14   A(6,7,12)             108.1371         -DE/DX =    0.0                 !
 ! A13   A(6,7,8)              125.9814         -DE/DX =    0.0                 !
 ! A12   A(7,6,16)             106.111          -DE/DX =    0.0                 !
 ! A11   A(5,6,16)             119.7111         -DE/DX =    0.0                 !
 ! A10   A(5,6,7)              134.0585         -DE/DX =    0.0                 !
 ! A9    A(6,5,11)             114.489          -DE/DX =    0.0                 !
 ! A8    A(2,5,11)             115.2765         -DE/DX =    0.0                 !
 ! A7    A(2,5,6)              130.2304         -DE/DX =    0.0                 !
 ! A6    A(5,2,10)             116.2101         -DE/DX =    0.0                 !
 ! A5    A(1,2,10)             112.4813         -DE/DX =    0.0                 !
 ! A4    A(1,2,5)              131.3042         -DE/DX =    0.0                 !
 ! A3    A(3,1,9)              112.118          -DE/DX =    0.0                 !
 ! A2    A(2,1,9)              118.0509         -DE/DX =    0.0                 !
 ! A1    A(2,1,3)              129.5486         -DE/DX =    0.0                 !
 ! R17   R(16,17)                1.0049         -DE/DX =    0.0                 !
 ! R16   R(14,16)                1.366          -DE/DX =    0.0                 !
 ! R15   R(14,15)                1.0765         -DE/DX =    0.0                 !
 ! R14   R(12,14)                1.3753         -DE/DX =    0.0                 !
 ! R13   R(12,13)                1.0772         -DE/DX =    0.0                 !
 ! R12   R(7,12)                 1.4146         -DE/DX =    0.0                 !
 ! R11   R(7,8)                  1.0758         -DE/DX =    0.0                 !
 ! R10   R(6,16)                 1.3816         -DE/DX =    0.0                 !
 ! R9    R(6,7)                  1.3887         -DE/DX =    0.0                 !
 ! R8    R(5,11)                 1.0862         -DE/DX =    0.0                 !
 ! R7    R(5,6)                  1.4448         -DE/DX =    0.0                 !
 ! R6    R(3,4)                  1.1584         -DE/DX =    0.0                 !
 ! R5    R(2,10)                 1.0832         -DE/DX =    0.0                 !
 ! R4    R(2,5)                  1.3473         -DE/DX =    0.0                 !
 ! R3    R(1,9)                  1.0852         -DE/DX =    0.0                 !
 ! R2    R(1,3)                  1.32           -DE/DX =    0.0001              !
 ! R1    R(1,2)                  1.454          -DE/DX =    0.0                 !
 --------------------------------------------------------------------------------
 ! Name  Definition              Value          Derivative Info.                !
 --------------------------                            --------------------------
                           ! (Angstroms and Degrees)  !
                           ! Non-Optimized Parameters !
                           ----------------------------
 Predicted change in Energy=-2.515469D-08
 RMS     Displacement     0.000450     0.001200     YES
 Maximum Displacement     0.001916     0.001800     NO 
 RMS     Force            0.000012     0.000300     YES
 Maximum Force            0.000054     0.000450     YES
         Item               Value     Threshold  Converged?
   D32        0.05117  -0.00000   0.00000  -0.00072  -0.00072   0.05044
   D31        3.12455   0.00000   0.00000  -0.00010  -0.00010   3.12445
   D30       -3.08824  -0.00000   0.00000  -0.00045  -0.00045  -3.08870
   D29       -0.01486   0.00000   0.00000   0.00017   0.00017  -0.01469
   D28       -3.12451  -0.00000   0.00000  -0.00009  -0.00009  -3.12460
   D27        0.01956   0.00000   0.00000   0.00021   0.00021   0.01977
   D26        0.00895  -0.00000   0.00000  -0.00012  -0.00012   0.00883
   D25       -3.13017   0.00000   0.00000   0.00018   0.00018  -3.12999
   D24       -3.08691   0.00000   0.00000   0.00009   0.00009  -3.08682
   D23        0.04647   0.00000   0.00000   0.00005   0.00005   0.04652
   D22       -0.00009   0.00000   0.00000   0.00004   0.00004  -0.00005
   D21        3.13329  -0.00000   0.00000   0.00000   0.00000   3.13330
   D20        3.08874   0.00000   0.00000   0.00048   0.00048   3.08922
   D19        0.01460  -0.00000   0.00000  -0.00014  -0.00014   0.01446
   D18       -0.11263   0.00000   0.00000   0.00035   0.00035  -0.11227
   D17        3.09642  -0.00000   0.00000  -0.00026  -0.00026   3.09615
   D16       -0.00865   0.00000   0.00000   0.00006   0.00006  -0.00859
   D15        3.07805  -0.00000   0.00000   0.00001   0.00001   3.07806
   D14       -3.07796   0.00000   0.00000   0.00019   0.00019  -3.07777
   D13        0.00873  -0.00000   0.00000   0.00015   0.00015   0.00888
   D12       -0.36201   0.00000   0.00000   0.00019   0.00019  -0.36182
   D11        2.69962   0.00000   0.00000   0.00004   0.00004   2.69966
   D10        2.79320   0.00000   0.00000   0.00023   0.00023   2.79344
    D9       -0.42835   0.00000   0.00000   0.00008   0.00008  -0.42827
    D8       -0.06097  -0.00000   0.00000  -0.00013  -0.00013  -0.06110
    D7        3.06691  -0.00000   0.00000  -0.00017  -0.00017   3.06674
    D6        3.06613  -0.00000   0.00000  -0.00017  -0.00017   3.06596
    D5       -0.08917  -0.00000   0.00000  -0.00021  -0.00021  -0.08939
    D4       -0.21030   0.00000   0.00000  -0.00040  -0.00040  -0.21071
    D3        2.94536   0.00000   0.00000  -0.00036  -0.00036   2.94500
    D2        2.81582  -0.00000   0.00000  -0.00079  -0.00079   2.81503
    D1       -0.31170  -0.00000   0.00000  -0.00075  -0.00075  -0.31245
   A26        3.12037  -0.00001   0.00000  -0.00017  -0.00017   3.12021
   A25        3.20228  -0.00000   0.00000  -0.00006  -0.00006   3.20222
   A24        2.18298   0.00000   0.00000   0.00004   0.00004   2.18302
   A23        2.16683  -0.00000   0.00000  -0.00001  -0.00001   2.16682
   A22        1.93123   0.00000   0.00000   0.00001   0.00001   1.93123
   A21        2.11878   0.00001   0.00000   0.00012   0.00012   2.11891
   A20        1.87846   0.00000   0.00000   0.00000   0.00000   1.87846
   A19        2.28594  -0.00001   0.00000  -0.00012  -0.00012   2.28581
   A18        2.19664  -0.00000   0.00000  -0.00004  -0.00004   2.19660
   A17        1.87563  -0.00000   0.00000  -0.00000  -0.00000   1.87563
   A16        2.21088   0.00001   0.00000   0.00005   0.00005   2.21093
   A15        2.19560   0.00000   0.00000   0.00002   0.00002   2.19561
   A14        1.88740  -0.00001   0.00000  -0.00005  -0.00005   1.88735
   A13        2.19876   0.00001   0.00000   0.00003   0.00003   2.19879
   A12        1.85194   0.00001   0.00000   0.00005   0.00005   1.85199
   A11        2.08924   0.00002   0.00000   0.00011   0.00011   2.08935
   A10        2.33993  -0.00003   0.00000  -0.00016  -0.00016   2.33976
    A9        1.99821   0.00000   0.00000  -0.00000  -0.00000   1.99821
    A8        2.01185   0.00002   0.00000   0.00010   0.00010   2.01195
    A7        2.27305  -0.00002   0.00000  -0.00010  -0.00010   2.27295
    A6        2.02821   0.00001   0.00000   0.00004   0.00004   2.02825
    A5        1.96310   0.00001   0.00000   0.00007   0.00007   1.96317
    A4        2.29181  -0.00002   0.00000  -0.00011  -0.00011   2.29169
    A3        1.95687  -0.00000   0.00000  -0.00004  -0.00004   1.95683
    A2        2.06025   0.00001   0.00000   0.00012   0.00012   2.06038
    A1        2.26117  -0.00001   0.00000  -0.00012  -0.00012   2.26105
   R17        1.89887   0.00001   0.00000   0.00002   0.00002   1.89889
   R16        2.58133   0.00001   0.00000   0.00001   0.00001   2.58135
   R15        2.03432   0.00001   0.00000   0.00002   0.00002   2.03434
   R14        2.59884   0.00001   0.00000   0.00002   0.00002   2.59886
   R13        2.03568   0.00001   0.00000   0.00002   0.00002   2.03570
   R12        2.67306   0.00002   0.00000   0.00007   0.00007   2.67313
   R11        2.03290   0.00001   0.00000   0.00001   0.00001   2.03291
   R10        2.61087  -0.00002   0.00000  -0.00008  -0.00008   2.61079
    R9        2.62416   0.00001   0.00000   0.00003   0.00003   2.62419
    R8        2.05268   0.00001   0.00000   0.00002   0.00002   2.05271
    R7        2.73029   0.00001   0.00000   0.00005   0.00005   2.73034
    R6        2.18915  -0.00005   0.00000  -0.00006  -0.00006   2.18909
    R5        2.04695   0.00000   0.00000   0.00002   0.00002   2.04696
    R4        2.54597   0.00000   0.00000   0.00000   0.00000   2.54597
    R3        2.05062   0.00001   0.00000   0.00001   0.00001   2.05064
    R2        2.49440   0.00005   0.00000   0.00010   0.00010   2.49450
    R1        2.74767  -0.00002   0.00000  -0.00004  -0.00004   2.74763
                                 (Linear)    (Quad)   (Total)
 Variable       Old X    -DE/DX   Delta X   Delta X   Delta X     New X
 Iteration  2 RMS(Cart)=  0.00000022 RMS(Int)=  0.00000002
 Iteration  1 RMS(Cart)=  0.00044962 RMS(Int)=  0.00000011
 Linear search not attempted -- first point.
 Angle between quadratic step and forces=  74.36 degrees.
     Eigenvalues ---    0.47558   0.51876   0.58506   0.59413   1.03913
     Eigenvalues ---    0.37315   0.38773   0.40422   0.41447   0.44094
     Eigenvalues ---    0.34789   0.35448   0.35654   0.37038   0.37172
     Eigenvalues ---    0.22030   0.22945   0.31983   0.33028   0.34214
     Eigenvalues ---    0.12446   0.13486   0.15161   0.15575   0.16720
     Eigenvalues ---    0.10199   0.10636   0.11213   0.11283   0.12105
     Eigenvalues ---    0.02767   0.04620   0.05267   0.08485   0.09522
     Eigenvalues ---    0.01283   0.01791   0.02157   0.02229   0.02579
     Eigenvalues ---    0.00154   0.00444   0.00586   0.01050   0.01170
 ITU=  0
 Second derivative matrix not updated -- analytic derivatives used.
 All quantities printed in internal units (Hartrees-Bohrs-Radians)
 Step number   1 out of a maximum of    2
 Search for a local minimum.
 Internal  Forces:  Max     0.000053612 RMS     0.000011880
 Berny optimization.
 GradGradGradGradGradGradGradGradGradGradGradGradGradGradGradGradGradGrad

 FormGI is forming the generalized inverse of G from B-inverse, IUseBI=4.
 Cartesian Forces:  Max     0.000095327 RMS     0.000022480
 -------------------------------------------------------------------
     17        1           0.000001200    0.000011019   -0.000000279
     16        7          -0.000026416   -0.000017454    0.000000647
     15        1           0.000006437   -0.000014998   -0.000001646
     14        6           0.000006352    0.000023368    0.000008851
     13        1           0.000005355   -0.000005231    0.000001720
     12        6           0.000015235   -0.000016175   -0.000006894
     11        1           0.000009887    0.000005394   -0.000005312
     10        1          -0.000001598    0.000004726    0.000000235
      9        1          -0.000006602   -0.000004192   -0.000000367
      8        1          -0.000004720   -0.000003643    0.000005218
      7        6          -0.000037306    0.000005052    0.000009320
      6        6           0.000043876    0.000012122   -0.000021288
      5        6          -0.000019145    0.000002167    0.000005386
      4        8          -0.000002916    0.000046675    0.000018678
      3        6           0.000008782   -0.000095327   -0.000040089
      2        6          -0.000012912   -0.000016296    0.000004187
      1        6           0.000014491    0.000062793    0.000021633
 -------------------------------------------------------------------
 Number     Number              X              Y              Z
 Center     Atomic                   Forces (Hartrees/Bohr)
 -------------------------------------------------------------------
 ***** Axes restored to original set *****
 Rotational      0.664844D+06          5.822720         13.407307
 Translational   0.603239D+08          7.780490         17.915240
 Electronic      0.100000D+01          0.000000          0.000000
 Vib (V=0)   11  0.106102D+01          0.025725          0.059233
 Vib (V=0)   10  0.107872D+01          0.032909          0.075776
 Vib (V=0)    9  0.109630D+01          0.039929          0.091940
 Vib (V=0)    8  0.110799D+01          0.044535          0.102545
 Vib (V=0)    7  0.111600D+01          0.047663          0.109749
 Vib (V=0)    6  0.127818D+01          0.106591          0.245434
 Vib (V=0)    5  0.152363D+01          0.182879          0.421095
 Vib (V=0)    4  0.183514D+01          0.263668          0.607119
 Vib (V=0)    3  0.226917D+01          0.355866          0.819413
 Vib (V=0)    2  0.381813D+01          0.581851          1.339762
 Vib (V=0)    1  0.573988D+01          0.758903          1.747439
 Vib (V=0)       0.378880D+03          2.578502          5.937220
 Vib (Bot)   11  0.254454D+00         -0.594391         -1.368636
 Vib (Bot)   10  0.291406D+00         -0.535501         -1.233037
 Vib (Bot)    9  0.324918D+00         -0.488226         -1.124181
 Vib (Bot)    8  0.345901D+00         -0.461048         -1.061602
 Vib (Bot)    7  0.359796D+00         -0.443943         -1.022217
 Vib (Bot)    6  0.596287D+00         -0.224544         -0.517033
 Vib (Bot)    5  0.893207D+00         -0.049048         -0.112937
 Vib (Bot)    4  0.123798D+01          0.092713          0.213479
 Vib (Bot)    3  0.169704D+01          0.229692          0.528887
 Vib (Bot)    2  0.328025D+01          0.515906          1.187918
 Vib (Bot)    1  0.521597D+01          0.717335          1.651726
 Vib (Bot)       0.572801D-57        -57.241996       -131.804567
 Total V=0       0.151954D+17         16.181711         37.259767
 Total Bot       0.229728D-43        -43.638787       -100.482020
                       Q            Log10(Q)             Ln(Q)
 Vibration    11          0.949              1.049              0.464
 Vibration    10          0.898              1.156              0.560
 Vibration     9          0.859              1.241              0.648
 Vibration     8          0.839              1.289              0.703
 Vibration     7          0.826              1.319              0.740
 Vibration     6          0.703              1.643              1.331
 Vibration     5          0.648              1.809              1.948
 Vibration     4          0.623              1.888              2.513
 Vibration     3          0.609              1.932              3.094
 Vibration     2          0.597              1.972              4.363
 Vibration     1          0.594              1.981              5.276
 Vibrational             85.459             27.241             24.709
 Rotational               0.889              2.981             29.624
 Translational            0.889              2.981             40.569
 Electronic               0.000              0.000              0.000
 Total                   87.237             33.203             94.902
                      KCal/Mol        Cal/Mol-Kelvin    Cal/Mol-Kelvin
                     E (Thermal)             CV                S
 
 Sum of electronic and thermal Free Energies=         -439.058980
 Sum of electronic and thermal Enthalpies=            -439.013889
 Sum of electronic and thermal Energies=              -439.014833
 Sum of electronic and zero-point Energies=           -439.023800
 Thermal correction to Gibbs Free Energy=         0.094874
 Thermal correction to Enthalpy=                  0.139965
 Thermal correction to Energy=                    0.139021
 Zero-point correction=                           0.130054 (Hartree/Particle)
 
                             4564.25  4665.62  4693.90  4704.13  5254.03
                             2294.39  2400.02  3144.10  4503.16  4538.78
                             2047.82  2069.06  2073.00  2114.50  2140.81
                             1631.83  1662.84  1773.97  1807.87  1886.19
                             1332.49  1366.98  1413.76  1531.26  1613.10
                             1082.11  1156.58  1213.12  1255.97  1292.60
                              851.44   900.94   940.82   982.10  1028.42
          (Kelvin)            454.66   674.99   694.18   725.17   780.44
 Vibrational temperatures:     57.07    90.54   173.24   234.73   318.44
           vibrations may cause significant error
 Warning -- explicit consideration of  11 degrees of freedom as
                                   81.60993 (Kcal/Mol)
 Zero-point vibrational energy     341456.0 (Joules/Mol)
 Rotational constants (GHZ):           2.40403     0.97541     0.72673
 Rotational temperatures (Kelvin)      0.11538     0.04681     0.03488
           may cause significant error
 Warning -- assumption of classical behavior for rotation
 Rotational symmetry number  1.
 This molecule is an asymmetric top.
           Z            0.00951   0.01819   0.99979
           Y            0.03152   0.99933  -0.01848
           X            0.99946  -0.03168  -0.00893
     Eigenvalues --   750.715441850.239292483.38818
                           1         2         3
 Principal axes and moments of inertia in atomic units:
 Molecular mass:   133.05276 amu.
 Atom    17 has atomic number  1 and mass   1.00783
 Atom    16 has atomic number  7 and mass  14.00307
 Atom    15 has atomic number  1 and mass   1.00783
 Atom    14 has atomic number  6 and mass  12.00000
 Atom    13 has atomic number  1 and mass   1.00783
 Atom    12 has atomic number  6 and mass  12.00000
 Atom    11 has atomic number  1 and mass   1.00783
 Atom    10 has atomic number  1 and mass   1.00783
 Atom     9 has atomic number  1 and mass   1.00783
 Atom     8 has atomic number  1 and mass   1.00783
 Atom     7 has atomic number  6 and mass  12.00000
 Atom     6 has atomic number  6 and mass  12.00000
 Atom     5 has atomic number  6 and mass  12.00000
 Atom     4 has atomic number  8 and mass  15.99491
 Atom     3 has atomic number  6 and mass  12.00000
 Atom     2 has atomic number  6 and mass  12.00000
 Atom     1 has atomic number  6 and mass  12.00000
 Temperature   298.150 Kelvin.  Pressure   1.00000 Atm.
 -------------------
 - Thermochemistry -
 -------------------

    17   1    -0.01  -0.01   0.01     0.01   0.01  -0.01     0.28   0.84  -0.46
    16   7     0.00  -0.00  -0.00    -0.00   0.00  -0.00    -0.02  -0.06   0.03
    15   1     0.71  -0.01  -0.24    -0.48   0.01   0.16     0.01  -0.00  -0.00
    14   6    -0.06   0.00   0.02     0.05   0.00  -0.02    -0.00   0.00   0.00
    13   1     0.05  -0.16   0.05    -0.14   0.42  -0.12     0.00  -0.00  -0.00
    12   6    -0.00   0.02  -0.01     0.01  -0.04   0.01     0.00   0.00  -0.00
    11   1    -0.00  -0.01   0.00     0.00  -0.00   0.00    -0.00  -0.00  -0.00
    10   1    -0.00   0.00  -0.00    -0.00   0.00  -0.00     0.00  -0.00   0.00
     9   1    -0.00   0.00  -0.00    -0.00   0.00  -0.00    -0.00   0.00  -0.00
     8   1     0.48   0.29  -0.30     0.55   0.32  -0.34    -0.00  -0.00  -0.00
     7   6    -0.04  -0.03   0.03    -0.05  -0.03   0.03    -0.00   0.00  -0.00
     6   6     0.00   0.00  -0.00    -0.00   0.00  -0.00     0.00  -0.00  -0.00
     5   6    -0.00   0.00   0.00    -0.00  -0.00   0.00    -0.00   0.00   0.00
     4   8    -0.00   0.00  -0.00    -0.00   0.00  -0.00     0.00   0.00   0.00
     3   6    -0.00  -0.00  -0.00    -0.00  -0.00  -0.00    -0.00  -0.00  -0.00
     2   6     0.00  -0.00   0.00     0.00  -0.00  -0.00    -0.00   0.00   0.00
     1   6    -0.00   0.00  -0.00    -0.00   0.00  -0.00     0.00   0.00   0.00
  Atom  AN      X      Y      Z        X      Y      Z        X      Y      Z
 IR Inten    --      1.4563                 0.1978                60.1023
 Frc consts  --      6.8741                 6.9430                 8.4863
 Red. masses --      1.0962                 1.1024                 1.0801
 Frequencies --   3262.4202              3269.5336              3651.7340
                      A                      A                      A
                     43                     44                     45
    17   1     0.00  -0.00  -0.00     0.00  -0.00  -0.00    -0.00  -0.00   0.00
    16   7     0.00  -0.00   0.00     0.00  -0.00   0.00    -0.00   0.00  -0.00
    15   1     0.00  -0.00  -0.00     0.00  -0.00  -0.00     0.40  -0.01  -0.13
    14   6     0.00   0.00  -0.00     0.00   0.00  -0.00    -0.03   0.00   0.01
    13   1    -0.00   0.00  -0.00    -0.00   0.00  -0.00    -0.27   0.79  -0.23
    12   6    -0.00   0.00   0.00    -0.00  -0.00   0.00     0.02  -0.07   0.02
    11   1     0.04   0.10  -0.01     0.09   0.21  -0.02    -0.00  -0.00   0.00
    10   1    -0.15   0.29   0.01    -0.43   0.80   0.03     0.00  -0.00  -0.00
     9   1     0.89  -0.19  -0.22    -0.33   0.07   0.08     0.00  -0.00   0.00
     8   1    -0.00  -0.00  -0.00    -0.00  -0.00   0.00    -0.19  -0.12   0.12
     7   6     0.00  -0.00  -0.00     0.00  -0.00  -0.00     0.01   0.01  -0.01
     6   6    -0.00   0.00  -0.00    -0.00   0.00  -0.00     0.00  -0.00  -0.00
     5   6    -0.00  -0.01   0.00    -0.01  -0.02   0.00     0.00   0.00  -0.00
     4   8    -0.00  -0.00  -0.00     0.00   0.00  -0.00     0.00   0.00   0.00
     3   6    -0.00   0.00   0.00     0.00   0.00   0.00     0.00  -0.00  -0.00
     2   6     0.01  -0.02  -0.00     0.04  -0.07  -0.00    -0.00   0.00   0.00
     1   6    -0.07   0.02   0.02     0.03  -0.01  -0.01     0.00   0.00   0.00
  Atom  AN      X      Y      Z        X      Y      Z        X      Y      Z
 IR Inten    --     14.5754                 6.1970                 4.1156
 Frc consts  --      6.3495                 6.4632                 6.7515
 Red. masses --      1.0829                 1.0901                 1.0897
 Frequencies --   3154.6111              3172.3130              3242.7684
                      A                      A                      A
                     40                     41                     42
    17   1    -0.01   0.03  -0.01    -0.01   0.00   0.00     0.00  -0.00  -0.00
    16   7     0.01   0.02  -0.01    -0.00   0.00   0.00    -0.00   0.00   0.00
    15   1    -0.00   0.07  -0.02     0.00  -0.00   0.00     0.00  -0.00  -0.00
    14   6     0.01  -0.04   0.02     0.00  -0.01   0.00     0.00  -0.00   0.00
    13   1     0.01   0.02  -0.01     0.00   0.00  -0.00     0.00   0.00  -0.00
    12   6     0.01   0.01  -0.01     0.01  -0.00  -0.00     0.00   0.00  -0.00
    11   1    -0.37   0.33   0.07     0.03   0.02  -0.00     0.37   0.88  -0.07
    10   1     0.23   0.34  -0.06     0.05  -0.00   0.01     0.12  -0.23  -0.01
     9   1     0.11   0.21   0.02     0.06  -0.02  -0.04    -0.03   0.00   0.01
     8   1    -0.05   0.08  -0.03     0.01   0.01   0.02     0.00   0.00  -0.00
     7   6     0.02  -0.01   0.00    -0.00   0.00  -0.00    -0.00   0.00  -0.00
     6   6    -0.15   0.05   0.02    -0.00   0.00  -0.00    -0.00  -0.00   0.00
     5   6     0.50  -0.07  -0.03     0.01   0.01  -0.00    -0.03  -0.07   0.01
     4   8     0.00   0.01  -0.00     0.04  -0.43  -0.11    -0.00   0.00   0.00
     3   6    -0.00  -0.01   0.00    -0.08   0.82   0.21     0.00  -0.00  -0.00
     2   6    -0.46  -0.07   0.03    -0.01  -0.01  -0.00    -0.01   0.02   0.00
     1   6     0.07   0.01  -0.01     0.02  -0.25  -0.06     0.00   0.00  -0.00
  Atom  AN      X      Y      Z        X      Y      Z        X      Y      Z
 IR Inten    --     23.3925               695.0032                 7.6566
 Frc consts  --     10.8760                35.6603                 6.2617
 Red. masses --      6.6340                12.6744                 1.0849
 Frequencies --   1668.0963              2185.2580              3129.8524
                      A                      A                      A
                     37                     38                     39
    17   1    -0.23   0.02   0.07    -0.09  -0.05   0.03    -0.56   0.25   0.09
    16   7     0.03  -0.08   0.02     0.03  -0.10   0.03     0.12  -0.05  -0.02
    15   1    -0.03  -0.33   0.14     0.18  -0.56   0.16    -0.16   0.26  -0.04
    14   6    -0.06   0.13  -0.03     0.08   0.26  -0.13    -0.09  -0.12   0.08
    13   1    -0.25  -0.13   0.13     0.16  -0.14  -0.00    -0.28   0.06   0.07
    12   6     0.10  -0.05  -0.02    -0.09  -0.16   0.09     0.10   0.12  -0.08
    11   1     0.59  -0.21  -0.02    -0.28   0.03   0.04     0.07  -0.11   0.02
    10   1     0.40   0.18  -0.04    -0.45  -0.21   0.01    -0.15  -0.10  -0.00
     9   1     0.01  -0.07  -0.01    -0.01   0.04   0.01    -0.02  -0.02   0.00
     8   1    -0.00  -0.14   0.06     0.03  -0.07   0.03    -0.31   0.26  -0.01
     7   6    -0.08  -0.00   0.03     0.01  -0.03   0.01     0.04  -0.20   0.07
     6   6     0.09   0.07  -0.05    -0.12   0.19  -0.03    -0.12   0.25  -0.05
     5   6    -0.05   0.05   0.01     0.07  -0.12   0.01    -0.01  -0.07   0.01
     4   8     0.01  -0.02  -0.01    -0.00   0.01   0.00    -0.00   0.00   0.00
     3   6    -0.01  -0.00   0.00     0.01   0.00  -0.00     0.00  -0.00   0.00
     2   6    -0.11  -0.10   0.01     0.08   0.08  -0.01     0.07   0.03  -0.01
     1   6     0.04   0.08   0.01    -0.03  -0.05  -0.00    -0.02  -0.02  -0.00
  Atom  AN      X      Y      Z        X      Y      Z        X      Y      Z
 IR Inten    --      6.1777                50.0090                 0.6778
 Frc consts  --      2.7221                 4.6638                 5.1389
 Red. masses --      2.1390                 3.5754                 3.4298
 Frequencies --   1469.6528              1487.9354              1594.6782
                      A                      A                      A
                     34                     35                     36
    17   1     0.17  -0.09  -0.01    -0.53   0.26   0.08     0.48  -0.21  -0.08
    16   7    -0.05   0.01   0.01     0.17  -0.05  -0.04    -0.15   0.06   0.03
    15   1    -0.07  -0.19   0.09    -0.08   0.19  -0.05     0.11  -0.05  -0.01
    14   6    -0.08  -0.01   0.03    -0.06   0.04   0.01     0.10  -0.06  -0.01
    13   1    -0.39  -0.12   0.18     0.12   0.00  -0.04     0.08   0.06  -0.05
    12   6     0.21   0.01  -0.08    -0.03  -0.03   0.02    -0.06   0.03   0.01
    11   1    -0.41   0.15   0.01    -0.16   0.08   0.01     0.23  -0.12   0.03
    10   1    -0.54  -0.24   0.02    -0.30  -0.23   0.01    -0.35  -0.25  -0.01
     9   1    -0.04  -0.06   0.00    -0.14  -0.46  -0.04    -0.15  -0.48  -0.05
     8   1     0.06  -0.23   0.08     0.14  -0.02  -0.02    -0.13   0.11  -0.01
     7   6    -0.14   0.07   0.02     0.02   0.12  -0.05     0.04  -0.11   0.03
     6   6     0.08  -0.03  -0.02    -0.10  -0.13   0.07     0.03   0.11  -0.05
     5   6     0.07  -0.06   0.00     0.01   0.02  -0.00     0.02  -0.02   0.00
     4   8     0.00  -0.01  -0.00     0.01  -0.09  -0.02     0.02  -0.09  -0.03
     3   6     0.00   0.00  -0.00    -0.02   0.01   0.00    -0.02   0.00   0.00
     2   6     0.03   0.06  -0.00     0.02  -0.06  -0.01    -0.02  -0.07  -0.01
     1   6    -0.01   0.03   0.01     0.03   0.23   0.04     0.04   0.25   0.04
  Atom  AN      X      Y      Z        X      Y      Z        X      Y      Z
 IR Inten    --      0.2706                13.9594                 5.2662
 Frc consts  --      2.6321                 3.4622                 3.4617
 Red. masses --      2.2052                 2.8415                 2.8303
 Frequencies --   1423.3034              1438.0708              1440.8077
                      A                      A                      A
                     31                     32                     33
    17   1    -0.57   0.11   0.12    -0.01   0.04  -0.01     0.22  -0.12  -0.03
    16   7    -0.06  -0.09   0.05    -0.01   0.04  -0.01     0.01  -0.02   0.01
    15   1    -0.06   0.06   0.00     0.04   0.09  -0.05     0.00  -0.29   0.11
    14   6    -0.05   0.01   0.01     0.05  -0.05   0.00    -0.03   0.08  -0.02
    13   1     0.20   0.13  -0.12     0.15  -0.04  -0.03    -0.33  -0.02   0.12
    12   6    -0.11   0.06   0.01     0.04  -0.06   0.01     0.01   0.04  -0.02
    11   1    -0.59   0.26  -0.01    -0.41   0.12   0.01    -0.44   0.21   0.00
    10   1     0.01   0.06  -0.02     0.59   0.28  -0.01     0.32   0.14   0.00
     9   1     0.02   0.05  -0.00    -0.09  -0.41  -0.06    -0.04  -0.16  -0.03
     8   1     0.12  -0.13   0.03     0.15  -0.31   0.10    -0.29   0.44  -0.10
     7   6     0.06  -0.07   0.01    -0.09   0.02   0.02     0.07  -0.07   0.00
     6   6     0.26   0.02  -0.11    -0.05   0.09  -0.02    -0.03  -0.07   0.03
     5   6    -0.01   0.00   0.01    -0.03  -0.03   0.01    -0.03   0.04  -0.00
     4   8     0.00  -0.02  -0.01     0.01  -0.01  -0.00     0.00  -0.01  -0.00
     3   6    -0.00  -0.00  -0.00    -0.03  -0.01   0.01    -0.01  -0.00   0.00
     2   6    -0.04   0.03   0.00     0.06   0.00  -0.01     0.03  -0.01  -0.00
     1   6     0.02   0.03   0.01     0.02   0.02   0.01     0.01   0.03   0.01
  Atom  AN      X      Y      Z        X      Y      Z        X      Y      Z
 IR Inten    --      7.2420                 0.2127                 2.5281
 Frc consts  --      2.1338                 1.3222                 1.3908
 Red. masses --      2.3823                 1.4213                 1.3735
 Frequencies --   1232.9703              1256.5332              1310.9644
                      A                      A                      A
                     28                     29                     30
    17   1    -0.45   0.31   0.03     0.45  -0.23  -0.07     0.10  -0.00  -0.04
    16   7    -0.02   0.12  -0.04     0.08  -0.06  -0.00     0.03   0.03  -0.02
    15   1     0.12   0.24  -0.13    -0.11   0.72  -0.23     0.02   0.25  -0.10
    14   6     0.13   0.00  -0.05    -0.05   0.10  -0.02     0.04   0.01  -0.02
    13   1    -0.45  -0.24   0.24    -0.16  -0.03   0.06    -0.08  -0.07   0.06
    12   6    -0.01  -0.13   0.05    -0.05  -0.00   0.02     0.01  -0.05   0.02
    11   1    -0.00   0.06  -0.03    -0.00   0.01   0.02    -0.24   0.07   0.00
    10   1    -0.15  -0.06   0.01    -0.05  -0.01  -0.01     0.09   0.02  -0.02
     9   1    -0.03  -0.21  -0.04    -0.04  -0.22  -0.04     0.17   0.85   0.15
     8   1    -0.29   0.24  -0.03     0.03  -0.14   0.06    -0.06  -0.04   0.03
     7   6    -0.05  -0.06   0.04    -0.03  -0.06   0.03    -0.05  -0.03   0.03
     6   6     0.07  -0.05  -0.01     0.04   0.01  -0.01    -0.02   0.02  -0.00
     5   6     0.02   0.05  -0.01     0.02  -0.00   0.00    -0.06  -0.01   0.01
     4   8    -0.00   0.03   0.01     0.00   0.03   0.01    -0.00  -0.10  -0.02
     3   6    -0.02   0.01   0.01    -0.02   0.01   0.01     0.07  -0.02  -0.02
     2   6    -0.02   0.00   0.00    -0.02   0.01   0.00     0.00  -0.03   0.00
     1   6     0.01  -0.04  -0.01     0.01  -0.03  -0.01    -0.02   0.11   0.03
  Atom  AN      X      Y      Z        X      Y      Z        X      Y      Z
 IR Inten    --     30.8126                33.4695                 2.6740
 Frc consts  --      1.4082                 1.0723                 1.2330
 Red. masses --      1.9014                 1.4148                 1.5667
 Frequencies --   1121.1606              1134.1777              1155.7336
                      A                      A                      A
                     25                     26                     27
    17   1     0.01  -0.01  -0.02    -0.20  -0.11   0.09    -0.02  -0.07   0.02
    16   7     0.01   0.00  -0.00    -0.14  -0.13   0.09    -0.01  -0.06   0.03
    15   1    -0.00  -0.02  -0.00     0.01   0.47  -0.18     0.00   0.17  -0.07
    14   6    -0.00   0.00  -0.00     0.06  -0.01  -0.01     0.02   0.01  -0.01
    13   1     0.02   0.01  -0.00    -0.50  -0.13   0.20     0.60   0.08  -0.21
    12   6    -0.01   0.01  -0.00     0.02  -0.02   0.00     0.08  -0.03  -0.02
    11   1    -0.01  -0.03  -0.67     0.13  -0.15  -0.01    -0.03   0.00  -0.02
    10   1     0.03  -0.01   0.73     0.22   0.16   0.07    -0.02  -0.00   0.00
     9   1    -0.03   0.00  -0.03    -0.06   0.01   0.01     0.00  -0.03  -0.01
     8   1     0.00  -0.03   0.00     0.02   0.30  -0.16    -0.49   0.51  -0.14
     7   6    -0.01  -0.01   0.00     0.10   0.19  -0.11    -0.11   0.04   0.03
     6   6    -0.00  -0.00  -0.00    -0.01   0.05   0.01     0.03  -0.01  -0.01
     5   6     0.02   0.01   0.10     0.03  -0.10   0.01    -0.01  -0.00   0.01
     4   8    -0.00  -0.00  -0.00    -0.00  -0.05  -0.01     0.00   0.01   0.00
     3   6     0.01  -0.00   0.00     0.02  -0.02  -0.01    -0.00   0.00   0.00
     2   6    -0.01   0.00  -0.11     0.03   0.06  -0.02    -0.01   0.00   0.00
     1   6    -0.02   0.00   0.01    -0.05   0.02   0.03     0.01  -0.00  -0.00
  Atom  AN      X      Y      Z        X      Y      Z        X      Y      Z
 IR Inten    --      1.8225                 2.0591                16.7214
 Frc consts  --      0.6653                 1.4553                 0.8970
 Red. masses --      1.2509                 2.5582                 1.3442
 Frequencies --    950.0967               982.6108              1064.2777
                      A                      A                      A
                     22                     23                     24
    17   1     0.01  -0.01   0.03    -0.24  -0.06   0.10    -0.03  -0.08   0.03
    16   7    -0.01  -0.01   0.01     0.06  -0.18   0.06    -0.01  -0.08   0.03
    15   1    -0.09  -0.09  -0.27     0.35  -0.12  -0.08     0.13   0.03  -0.04
    14   6     0.01   0.01   0.04     0.34  -0.01  -0.11     0.12  -0.04  -0.03
    13   1     0.16   0.24   0.63    -0.29   0.28  -0.06    -0.25  -0.00   0.01
    12   6    -0.04  -0.04  -0.10    -0.08   0.33  -0.10     0.00   0.07  -0.02
    11   1    -0.03   0.03  -0.04     0.11   0.06   0.06    -0.37  -0.04  -0.19
    10   1    -0.02  -0.05  -0.06     0.01   0.02  -0.09    -0.27  -0.25   0.08
     9   1     0.01   0.01  -0.00    -0.14  -0.10   0.03     0.43   0.25  -0.07
     8   1    -0.14  -0.28  -0.53     0.01  -0.36   0.15     0.12   0.02   0.13
     7   6     0.04   0.04   0.09    -0.22  -0.02   0.09    -0.01   0.06  -0.04
     6   6    -0.02  -0.00  -0.04    -0.07  -0.10   0.03    -0.07   0.03   0.03
     5   6    -0.00   0.02   0.02     0.06   0.08  -0.01    -0.18  -0.09   0.04
     4   8    -0.00   0.01   0.00    -0.01  -0.02  -0.00     0.03   0.13   0.02
     3   6     0.01   0.01   0.00     0.06  -0.01  -0.02    -0.17   0.04   0.05
     2   6     0.01  -0.04   0.00     0.01   0.01   0.01    -0.08  -0.13   0.01
     1   6     0.01  -0.00  -0.01    -0.13  -0.01   0.03     0.37   0.00  -0.10
  Atom  AN      X      Y      Z        X      Y      Z        X      Y      Z
 IR Inten    --      1.9762                 2.7210                16.8324
 Frc consts  --      0.6126                 2.6118                 2.2792
 Red. masses --      1.3644                 5.4922                 4.5101
 Frequencies --    872.9440               898.4040               926.1252
                      A                      A                      A
                     19                     20                     21
    17   1    -0.07  -0.05  -0.09     0.03   0.04   0.16     0.05   0.11  -0.01
    16   7    -0.03  -0.02  -0.03    -0.03  -0.02   0.01     0.08   0.06  -0.08
    15   1    -0.02   0.00  -0.04    -0.13  -0.09  -0.39    -0.06  -0.27  -0.20
    14   6     0.00   0.01   0.01     0.02   0.02   0.06     0.03   0.04   0.04
    13   1    -0.04  -0.06  -0.16     0.17   0.15   0.41     0.08   0.23   0.36
    12   6     0.01   0.01   0.02     0.01  -0.03  -0.04    -0.09   0.04  -0.06
    11   1    -0.05   0.09   0.62    -0.04   0.08   0.06     0.19  -0.31   0.25
    10   1     0.01  -0.09   0.58    -0.01  -0.07   0.10     0.09   0.35   0.26
     9   1    -0.02   0.03  -0.12    -0.01   0.00   0.05     0.02  -0.01  -0.16
     8   1    -0.09  -0.18  -0.31     0.22   0.27   0.61    -0.10   0.10   0.05
     7   6    -0.00  -0.01   0.00    -0.03  -0.05  -0.10    -0.06  -0.02  -0.00
     6   6     0.03   0.04   0.10     0.01   0.03   0.05     0.09  -0.04   0.12
     5   6    -0.01   0.01  -0.12     0.01   0.05  -0.04    -0.05  -0.24  -0.04
     4   8    -0.01   0.04   0.01    -0.01   0.02   0.01     0.03  -0.08  -0.03
     3   6     0.04   0.03  -0.01     0.02   0.01  -0.01    -0.08  -0.06   0.02
     2   6    -0.00  -0.07  -0.10     0.01  -0.06  -0.01    -0.08   0.27  -0.02
     1   6     0.01  -0.01   0.05    -0.03  -0.00  -0.00     0.09   0.03   0.04
  Atom  AN      X      Y      Z        X      Y      Z        X      Y      Z
 IR Inten    --     16.8932                24.0064                18.9227
 Frc consts  --      0.5284                 0.5372                 1.5352
 Red. masses --      1.5856                 1.4110                 3.6651
 Frequencies --    752.1028               803.8648               843.1636
                      A                      A                      A
                     16                     17                     18
    17   1    -0.09  -0.22  -0.22    -0.13  -0.10  -0.33     0.03   0.05   0.12
    16   7    -0.05  -0.12  -0.01    -0.02  -0.01  -0.11     0.01   0.01   0.04
    15   1     0.08   0.12   0.08     0.10   0.10   0.34     0.24   0.27   0.69
    14   6     0.06  -0.04   0.02    -0.01   0.01   0.00    -0.04  -0.05  -0.13
    13   1     0.13  -0.06   0.05     0.03   0.10   0.20     0.16   0.19   0.47
    12   6     0.12  -0.08   0.01    -0.03   0.03   0.01    -0.01  -0.01  -0.03
    11   1     0.07   0.30  -0.25    -0.09  -0.06  -0.46     0.01   0.02   0.17
    10   1    -0.23   0.12   0.12     0.06  -0.04  -0.22    -0.00  -0.01   0.13
     9   1     0.04   0.16  -0.10     0.03  -0.13   0.34    -0.01   0.02  -0.05
     8   1     0.08  -0.34  -0.25    -0.13  -0.11  -0.29     0.05   0.06   0.15
     7   6     0.06  -0.09  -0.05    -0.06  -0.03  -0.10     0.00  -0.00   0.00
     6   6    -0.05   0.08   0.14     0.10   0.08   0.24    -0.00  -0.00  -0.00
     5   6     0.00   0.34  -0.11     0.01  -0.07  -0.01    -0.00   0.01  -0.02
     4   8     0.09  -0.11  -0.05    -0.02   0.02   0.01     0.00   0.00  -0.00
     3   6    -0.27  -0.14   0.03     0.08   0.03   0.01    -0.00   0.00  -0.00
     2   6    -0.02   0.22   0.10     0.02  -0.07   0.11    -0.00   0.00  -0.03
     1   6     0.03  -0.01  -0.02    -0.05   0.02  -0.12     0.01  -0.00   0.02
  Atom  AN      X      Y      Z        X      Y      Z        X      Y      Z
 IR Inten    --      3.1363                 1.2541                84.0516
 Frc consts  --      1.3475                 0.7384                 0.3853
 Red. masses --      5.3485                 2.6899                 1.2800
 Frequencies --    653.9055               682.5938               714.7852
                      A                      A                      A
                     13                     14                     15
    17   1    -0.25   0.11  -0.01     0.02   0.09   0.20     0.14   0.17   0.40
    16   7    -0.12   0.07   0.00    -0.01   0.02   0.05     0.04   0.04   0.10
    15   1    -0.11   0.13  -0.01    -0.03   0.01  -0.04    -0.18  -0.21  -0.53
    14   6    -0.11   0.12  -0.01    -0.02   0.01  -0.02    -0.07  -0.08  -0.21
    13   1    -0.01   0.13   0.00    -0.02  -0.02  -0.10     0.08   0.11   0.27
    12   6    -0.10   0.10   0.01    -0.02   0.00  -0.02     0.07   0.09   0.23
    11   1     0.25  -0.07  -0.10     0.06  -0.02   0.13    -0.00  -0.01  -0.06
    10   1     0.33  -0.14  -0.01     0.08   0.02   0.44    -0.00   0.01  -0.02
     9   1     0.08   0.47  -0.25     0.18  -0.10   0.75    -0.00  -0.01  -0.02
     8   1    -0.14   0.02   0.02     0.01   0.01   0.07    -0.13  -0.16  -0.38
     7   6    -0.12  -0.01   0.02     0.01   0.02   0.09    -0.04  -0.05  -0.12
     6   6     0.00  -0.04   0.02    -0.02  -0.03  -0.04     0.00   0.01   0.01
     5   6     0.24  -0.06  -0.04     0.02  -0.02  -0.11    -0.00  -0.01  -0.01
     4   8     0.11  -0.02   0.01     0.01  -0.01  -0.04     0.00  -0.00  -0.00
     3   6    -0.29  -0.04  -0.06    -0.02  -0.05   0.13     0.01  -0.00   0.00
     2   6     0.30  -0.16   0.02     0.04   0.01   0.06    -0.01   0.01   0.02
     1   6     0.05  -0.01   0.05    -0.02   0.04  -0.21     0.00   0.00  -0.01
  Atom  AN      X      Y      Z        X      Y      Z        X      Y      Z
 IR Inten    --      3.7967                58.0929                 1.1405
 Frc consts  --      0.8865                 0.4383                 0.6306
 Red. masses --      5.1138                 2.1244                 2.7297
 Frequencies --    542.4363               591.7796               626.1847
                      A                      A                      A
                     10                     11                     12
    17   1     0.30   0.34   0.78    -0.13  -0.20  -0.46    -0.15  -0.17  -0.42
    16   7    -0.04  -0.07  -0.16     0.03   0.01   0.02    -0.01   0.01  -0.02
    15   1     0.05   0.03   0.12    -0.01  -0.04  -0.04    -0.01  -0.01   0.00
    14   6     0.02   0.01   0.03     0.01  -0.01   0.00    -0.00   0.01   0.02
    13   1    -0.04  -0.03  -0.06     0.02   0.04   0.12     0.02   0.06   0.14
    12   6    -0.00   0.01   0.01     0.01   0.01   0.03    -0.01   0.02   0.03
    11   1    -0.01   0.04   0.13     0.03   0.03   0.36     0.05   0.04   0.32
    10   1    -0.01  -0.01  -0.15    -0.00   0.01  -0.06     0.01  -0.04  -0.30
     9   1     0.04  -0.00   0.23     0.15  -0.09   0.70    -0.08   0.18  -0.43
     8   1    -0.04  -0.03  -0.11    -0.02   0.02  -0.03    -0.02   0.01  -0.03
     7   6     0.00   0.01  -0.00    -0.02  -0.01  -0.06    -0.05  -0.02  -0.10
     6   6     0.02   0.02   0.03     0.00  -0.00  -0.03    -0.00  -0.00  -0.02
     5   6     0.01   0.03   0.10     0.01   0.02   0.14     0.04   0.03   0.16
     4   8     0.02  -0.00  -0.00     0.03  -0.02   0.05    -0.01   0.05  -0.19
     3   6    -0.05  -0.01   0.01    -0.07   0.01  -0.09     0.04  -0.11   0.44
     2   6     0.00  -0.00  -0.08    -0.00   0.01  -0.11     0.04  -0.03  -0.16
     1   6    -0.01  -0.01   0.00    -0.00  -0.01  -0.00    -0.02   0.01  -0.04
  Atom  AN      X      Y      Z        X      Y      Z        X      Y      Z
 IR Inten    --     54.9289                 2.8339                 4.3533
 Frc consts  --      0.2179                 0.2265                 0.7037
 Red. masses --      1.6805                 1.6512                 4.7014
 Frequencies --    469.1424               482.4795               504.0204
                      A                      A                      A
                      7                      8                      9
    17   1    -0.23  -0.00  -0.01    -0.06   0.05   0.10    -0.35   0.08   0.10
    16   7    -0.11  -0.05  -0.02     0.01   0.05   0.14    -0.24  -0.01   0.00
    15   1     0.06   0.23  -0.00    -0.09  -0.03  -0.30    -0.07   0.29   0.01
    14   6     0.05   0.08   0.00    -0.04  -0.02  -0.14    -0.07   0.13   0.02
    13   1     0.34   0.03   0.03     0.01  -0.10  -0.30     0.21   0.07   0.00
    12   6     0.19  -0.02   0.02     0.01  -0.05  -0.13     0.06   0.02   0.01
    11   1     0.03  -0.22   0.02    -0.03  -0.03  -0.31     0.23  -0.06  -0.05
    10   1     0.06   0.11  -0.06    -0.03   0.00  -0.59     0.01   0.13  -0.17
     9   1    -0.24   0.21  -0.15     0.03  -0.01   0.28     0.29  -0.18   0.17
     8   1     0.17  -0.34  -0.02     0.10  -0.04   0.16     0.04  -0.32   0.00
     7   6     0.10  -0.21   0.00     0.07  -0.00   0.16    -0.04  -0.18   0.01
     6   6    -0.08  -0.21  -0.01     0.05   0.04   0.25    -0.17  -0.14   0.04
     5   6    -0.08  -0.18   0.01    -0.01  -0.02  -0.04     0.04   0.03   0.01
     4   8     0.25   0.19   0.06    -0.00   0.02  -0.04    -0.13  -0.03   0.01
     3   6    -0.08   0.16   0.02    -0.05   0.00   0.03     0.25   0.02  -0.03
     2   6    -0.09   0.03  -0.03    -0.02  -0.01  -0.22     0.06   0.16  -0.08
     1   6    -0.24   0.16  -0.07    -0.02  -0.01   0.07     0.29   0.01   0.00
  Atom  AN      X      Y      Z        X      Y      Z        X      Y      Z
 IR Inten    --      3.1048                 2.8104                 4.9570
 Frc consts  --      0.0972                 0.1019                 0.3112
 Red. masses --      6.1966                 3.5310                 5.2886
 Frequencies --    163.1436               221.3295               316.0038
                      A                      A                      A
                      4                      5                      6
    17   1    -0.15  -0.17  -0.33    -0.01  -0.07  -0.12     0.12   0.05   0.26
    16   7    -0.10  -0.09  -0.16    -0.01  -0.04  -0.07     0.01   0.01   0.13
    15   1    -0.19  -0.21  -0.32     0.03  -0.00   0.10    -0.05  -0.08   0.20
    14   6    -0.14  -0.12  -0.16     0.02  -0.00   0.07    -0.09  -0.06   0.08
    13   1    -0.09   0.02   0.16     0.05   0.08   0.25    -0.32  -0.15  -0.21
    12   6    -0.08   0.00   0.09     0.03   0.04   0.14    -0.22  -0.09  -0.13
    11   1    -0.01   0.06   0.19    -0.03  -0.05  -0.38    -0.02   0.04  -0.21
    10   1    -0.04   0.01   0.13    -0.02  -0.02  -0.04    -0.06   0.04  -0.12
     9   1    -0.00  -0.06  -0.17     0.10  -0.11   0.71     0.06  -0.10   0.23
     8   1     0.03   0.21   0.43    -0.01   0.04   0.04    -0.26  -0.05  -0.32
     7   6    -0.02   0.10   0.23     0.01   0.02   0.04    -0.20  -0.03  -0.19
     6   6    -0.03   0.03   0.07    -0.02  -0.03  -0.08    -0.07   0.03  -0.05
     5   6    -0.01   0.06   0.12    -0.03  -0.04  -0.17    -0.03   0.06  -0.10
     4   8     0.22   0.02  -0.08     0.01   0.09  -0.22     0.34   0.03   0.08
     3   6     0.13   0.01  -0.07    -0.03   0.02   0.02     0.17   0.02   0.09
     2   6    -0.01   0.03   0.07    -0.02  -0.02   0.02    -0.03   0.05  -0.05
     1   6     0.03  -0.01  -0.06     0.01  -0.05   0.30     0.05  -0.01   0.10
  Atom  AN      X      Y      Z        X      Y      Z        X      Y      Z
 IR Inten    --      2.0198                 0.9079                 0.5130
 Frc consts  --      0.0042                 0.0088                 0.0495
 Red. masses --      4.5335                 3.7519                 5.7964
 Frequencies --     39.6683                62.9314               120.4083
                      A                      A                      A
                      1                      2                      3
 and normal coordinates:
 incident light, reduced masses (AMU), force constants (mDyne/A),
 activities (A**4/AMU), depolarization ratios for plane and unpolarized
 Harmonic frequencies (cm**-1), IR intensities (KM/Mole), Raman scattering
       19.1313131      15.0636151      41.1840593
 Diagonal vibrational polarizability:
 Low frequencies ---   39.6691   62.9315  120.4083
 Low frequencies ---   -4.5468   -0.0002    0.0005    0.0007    0.1061    2.6570
 Full mass-weighted force constant matrix:
 Calling FoFJK, ICntrl=    100127 FMM=F ISym2X=0 I1Cent= 0 IOpClX= 0 NMat=1 NMatS=1 NMatT=0.
 LDataN:  DoStor=T MaxTD1= 8 Len=  415
 ECPInt:  NShTT=    9591 NPrTT=   29644 LenC2=    9221 LenP2D=   22129.
   1 Symmetry operations used in ECPInt.
 End of Minotr F.D. properties file   788 does not exist.
 End of Minotr F.D. properties file   722 does not exist.
 End of Minotr F.D. properties file   721 does not exist.
 Isotropic polarizability for W=    0.000000      108.28 Bohr**3.
 Solved reduced A of dimension   329 with    54 vectors.
 InvSVY:  IOpt=1 It=  1 EMax= 1.78D-14
      2 vectors produced by pass  8 Test12= 2.05D-14 1.85D-09 XBig12= 1.44D-15 4.94D-09.
      3 vectors produced by pass  7 Test12= 2.05D-14 1.85D-09 XBig12= 3.97D-14 3.09D-08.
     18 vectors produced by pass  6 Test12= 2.05D-14 1.85D-09 XBig12= 3.66D-11 5.75D-07.
     51 vectors produced by pass  5 Test12= 2.05D-14 1.85D-09 XBig12= 2.62D-08 1.34D-05.
     51 vectors produced by pass  4 Test12= 2.05D-14 1.85D-09 XBig12= 1.38D-05 5.98D-04.
     51 vectors produced by pass  3 Test12= 2.05D-14 1.85D-09 XBig12= 5.33D-03 7.06D-03.
     51 vectors produced by pass  2 Test12= 2.05D-14 1.85D-09 XBig12= 1.05D+00 8.97D-02.
     51 vectors produced by pass  1 Test12= 2.05D-14 1.85D-09 XBig12= 4.27D+01 8.92D-01.
 AX will form    51 AO Fock derivatives at one time.
     51 vectors produced by pass  0 Test12= 2.05D-14 1.85D-09 XBig12= 2.35D+02 1.28D+01.
          There are    54 degrees of freedom in the 1st order CPHF.  IDoFFX=6 NUNeed=     3.
 CalDSu exits because no D1Ps are significant.
          Differentiating once with respect to nuclear coordinates.
                with respect to dipole field.
          Differentiating once with respect to electric field.
          IDoAtm=11111111111111111
 End of G2Drv F.D. properties file   788 does not exist.
 End of G2Drv F.D. properties file   722 does not exist.
 End of G2Drv F.D. properties file   721 does not exist.
 Calling FoFCou, ICntrl=  3107 FMM=F I1Cent=   0 AccDes= 0.00D+00.
 G2DrvN: will do    18 centers at a time, making    1 passes.
 IMax=3 JMax=2 DiffMx= 0.00D+00
 Symmetrizing basis deriv contribution to polar:
 LDataN:  DoStor=T MaxTD1= 7 Len=  274
 ECPInt:  NShTT=    9591 NPrTT=   29644 LenC2=    9221 LenP2D=   22129.
   1 Symmetry operations used in ECPInt.

 **** Warning!!: The largest alpha MO coefficient is  0.30677558D+02

 NROrb=    352 NOA=    35 NOB=    35 NVA=   317 NVB=   317
 NBasis=   352 NAE=    35 NBE=    35 NFC=     0 NFV=     0
 Range of M.O.s used for correlation:     1   352
 DoSCS=F DFT=T ScalE2(SS,OS)=  1.000000  1.000000
            NFock=  1  Conv=0.46D-08     -V/T= 2.0049
 SCF Done:  E(RB3LYP) =  -439.153853587     A.U. after    1 cycles
 No special actions if energy rises.
 Requested convergence on             energy=1.00D-06.
 Requested convergence on MAX density matrix=1.00D-06.
 Requested convergence on RMS density matrix=1.00D-08 within 128 cycles.
         Rot=    1.000000    0.000000   -0.000000   -0.000000 Ang=   0.00 deg.
 B after Tr=     0.000000    0.000000    0.000000
 Initial guess from the checkpoint file:  "checkpoint.chk"
 NBsUse=   352 1.00D-06 EigRej= -1.00D+00 NBFU=   352
 NBasis=   352 RedAO= T EigKep=  3.29D-05  NBF=   352
 LDataN:  DoStor=T MaxTD1= 6 Len=  172
 ECPInt:  NShTT=    9591 NPrTT=   29644 LenC2=    9221 LenP2D=   22129.
   1 Symmetry operations used in ECPInt.
 One-electron integrals computed using PRISM.
 Two-electron integral symmetry is turned on.
 Raffenetti 2 integral format.
 Integral buffers will be    131072 words long.
 NAtoms=   17 NActive=   17 NUniq=   17 SFac= 1.00D+00 NAtFMM=   60 NAOKFM=F Big=F
       nuclear repulsion energy       459.9970853496 Hartrees.
    35 alpha electrons       35 beta electrons
   352 basis functions,   566 primitive gaussians,   402 cartesian basis functions
 There are   352 symmetry adapted basis functions of A   symmetry.
 There are   402 symmetry adapted cartesian basis functions of A   symmetry.
 Standard basis: def2TZVP (5D, 7F)
 Rotational constants (GHZ):           2.4040284           0.9754096           0.7267254
 ---------------------------------------------------------------------
     17          1           0        2.327098    1.622987   -0.882663
     16          7           0        2.044376    0.780907   -0.412903
     15          1           0        3.847501   -0.348047   -0.589466
     14          6           0        2.826185   -0.327281   -0.249804
     13          1           0        2.397682   -2.269877    0.661287
     12          6           0        2.064760   -1.285504    0.377373
     11          1           0        0.224413    2.620975   -0.018846
     10          1           0       -2.056328    2.531124    0.167919
      9          1           0       -3.503169    0.647740    0.412775
      8          1           0       -0.036201   -1.217322    1.098240
      7          6           0        0.778410   -0.735633    0.586719
      6          6           0        0.773640    0.557780    0.081357
      5          6           0       -0.200657    1.624424    0.059272
      4          8           0       -2.162411   -1.924035   -0.469729
      3          6           0       -2.267265   -0.805830   -0.185789
      2          6           0       -1.545004    1.576809    0.134051
      1          6           0       -2.465460    0.451627    0.163305
