 Normal termination of Gaussian 16 at Fri Jun 10 02:00:25 2022.
 File lengths (MBytes):  RWF=     56 Int=      0 D2E=      0 Chk=     32 Scr=      1
 Elapsed time:       0 days  0 hours  2 minutes 35.1 seconds.
 Job cpu time:       0 days  0 hours 30 minutes 50.4 seconds.
                   BOOK OF COMMON PRAYER                      
 AND WE HAVE DONE THOSE THINGS WHICH WE OUGHT NOT TO HAVE DONE.
 WE HAVE LEFT UNDONE THOSE THINGS WHICH WE OUGHT TO HAVE DONE,


 652,0.00000108\\\@
 845,0.00006005,0.00000206,-0.00002269,-0.00001631,-0.00002284,-0.00000
 782,-0.00000298,-0.00006851,-0.00009269,-0.00005549,0.00007624,0.00011
 00527,0.00000765,0.00002787,0.00004405,0.00001409,-0.00000908,-0.00002
 002466,-0.00000998,0.00002040,0.00000010,-0.00000439,-0.00002678,0.000
 00004989,0.00000116,-0.00002950,-0.00000745,0.00001597,0.00000442,0.00
 .03738351,0.29972203\\0.00001609,0.00001453,-0.00001083,0.00000964,-0.
 0.03309874,-0.27098604,0.00120685,0.00265812,-0.01464865,0.01850858,-0
 .00004922,-0.00016366,-0.01430775,-0.00934843,-0.00937332,-0.00676942,
 0.00000576,-0.00003390,0.00121179,0.00091519,-0.00108841,-0.00022226,0
 0.00005958,-0.00020151,-0.00306618,-0.00164678,0.00007086,0.00000335,-
 8,0.01093170,-0.00308108,0.00408453,-0.00018262,0.00123222,0.00004521,
 164,0.00225181,0.06284925,-0.00075037,0.00085456,-0.00144855,0.0000556
 02031,0.00617385,-0.05347899,0.04167368,0.00008622,0.00355974,-0.01306
 48206,-0.00008360,0.00016707,-0.00046001,-0.01648327,0.00160144,-0.020
 182920,0.00010950,0.00013515,-0.00007647,0.00681085,-0.00398878,-0.002
 116023,-0.00001586,-0.00029574,-0.00211747,-0.00001375,0.00386848,0.00
 0007031,0.00595991,-0.01003507,0.03100868,-0.00451649,-0.00286273,0.00
 0331757,-0.00345708,0.02479873,0.05534320,-0.00027916,-0.00151981,-0.0
 2025112,-0.00709742,-0.03461578,-0.05055281,0.00610381,-0.00112612,0.0
 805351,-0.00460205,-0.00355778,-0.00007606,0.00014877,-0.00070726,-0.0
 0.00018879,0.00256710,0.00292409,0.00005248,0.00011743,0.00021622,0.00
 0.00036067,-0.00035605,-0.00016621,-0.00003695,0.00000860,-0.00004353,
 -0.00040568,0.00030871,-0.00126953,0.00472773,0.00400636,-0.00496141,-
 ,0.10324608,-0.05276511,-0.10892557,-0.10072017,0.05580110,0.11158159,
 56,-0.00056443,0.00020290,0.00042304,-0.01532130,0.00532824,0.00605862
 594,0.00001828,0.00003401,-0.00003496,-0.00293283,-0.00159892,0.000328
 677,-0.00033044,0.00014892,-0.00030265,-0.00051788,-0.00029015,0.00014
 037238,-0.00883171,0.00583079,0.00489493,0.00087728,0.00127493,0.00010
 9702166,-0.05247807,-0.08946636,0.10456444,0.00027839,-0.00090507,0.00
 .00027187,0.00020768,-0.02323995,0.00815577,0.00666528,0.09300753,-0.0
 00012462,-0.00005424,-0.00149326,-0.00326229,-0.00087957,-0.00086685,0
 0.00030444,0.00135780,-0.00059542,0.00061145,-0.00041775,0.00006538,0.
 0.01168375,-0.01422035,-0.00156435,-0.00611963,0.00094929,0.00144324,-
 2,0.09404230,0.23645515,-0.00052091,0.00110387,0.00041071,0.02668803,-
 531,0.00050137,-0.03451835,0.00690147,0.00523337,-0.20578187,0.0848356
 878,0.00001028,-0.00037910,-0.00593982,-0.00049973,-0.00123834,0.00048
 009059,-0.00003250,0.00005929,0.00036712,0.00013965,0.00002686,0.00012
 0270376,0.00017640,0.00126455,-0.00022166,0.00040787,-0.00003479,-0.00
 0.00553160,0.52914668,0.00069778,0.00021016,-0.00046569,0.00013125,0.0
 0.00125360,0.00341494,-0.04043445,-0.03326195,-0.08267998,-0.06189657,
 ,-0.00034255,-0.00012816,0.00332592,0.00772075,0.00129902,0.00466857,-
 6,0.00107116,0.01133304,-0.00030305,-0.00712001,-0.00657576,0.00017537
 3900,0.02864193,-0.08023357,0.00512695,0.00534979,0.00282256,0.0016202
 52920,-0.09622801,0.46538980,-0.00106018,0.00446727,0.00151284,-0.0041
 78098,0.00384725,-0.00077789,0.00207625,-0.03027355,-0.10675682,-0.035
 63872,-0.00069699,-0.00082647,-0.00039870,-0.01322440,0.02314815,0.010
 0398502,0.00041716,0.00175301,0.00212924,0.00129605,-0.01440184,-0.005
 .00060552,0.01775564,-0.19205333,0.03612438,0.02272438,-0.01767852,0.0
 0.11996986,-0.01715791,-0.03060240,0.52898428,0.00344304,-0.00729544,0
 0.06412895,-0.00861042,-0.00149129,-0.00038974,0.00258748,0.00257131,-
 0.00586677,-0.01154967,-0.00377070,0.00021769,-0.00138903,0.00056772,-
 7,0.00477682,0.04029754,-0.01161041,-0.00558578,0.00182154,0.00015605,
 984,0.00511501,-0.02140404,0.00467006,-0.09855156,0.01245116,0.0049295
 506830,-0.00350588,0.00193796,0.00326664,0.02859636,0.08668091,0.11763
 0741418,0.00079962,-0.00130883,0.01100938,0.02082558,-0.03171433,-0.05
 00581369,0.00017683,-0.00003494,-0.00045427,0.01671099,-0.00532216,0.0
 .00218666,0.00427424,-0.00460252,0.00581422,-0.00819345,0.00161863,-0.
 4,0.01290126,0.00570174,-0.04639654,0.27691500,0.00030052,0.00162949,0
 ,-0.00577229,-0.00142135,0.05766187,-0.14150980,-0.03291307,-0.0147468
 4,0.00066235,0.00054433,0.04807763,-0.02551663,-0.01480130,-0.00079837
 187,-0.02434117,-0.00669639,0.00716922,0.00933479,0.00089979,0.0000071
 314,-0.00016464,0.48311523,0.00136160,-0.00567389,-0.00071253,-0.03498
 59205,0.00045868,-0.23973225,0.07963553,0.02748741,-0.03607175,0.01552
 0026390,-0.00060673,-0.02290479,0.05004276,0.01675474,0.00279261,0.000
 01282359,-0.00502366,-0.01932273,-0.01310686,0.00388986,0.00145179,0.0
 .01332990,0.02415659,0.00190935,-0.00373361,-0.00132852,0.00350188,-0.
 .00032489,-0.00479329,-0.00518422,-0.01867110,-0.04121911,0.00581960,0
 -0.00044473,0.00025233,-0.00320384,0.00327648,0.00843991,-0.00055240,0
 -0.00163434,-0.00103107,0.00018479,-0.00323391,0.00904591,-0.00094009,
 ,0.14736541,0.19464347,-0.00020597,-0.00047285,-0.00179222,0.00188133,
 3,0.00051150,0.00056995,0.00093934,-0.14504709,-0.19069522,-0.01351759
 8,-0.00108742,-0.00059472,0.00029716,-0.02365632,-0.01340340,0.0001086
 065,0.00006117,0.00064523,0.00010519,0.00323342,-0.00395068,-0.0025697
 6693,-0.14110502,-0.00602209,0.22651695,-0.00012538,0.00022304,0.00037
 2024,0.00455393,-0.00020289,0.00050850,-0.00044142,-0.00035847,-0.1981
 0059487,0.00126430,0.00074483,0.00026668,0.00028519,-0.00013245,0.0080
 0011494,-0.00029941,-0.00009476,-0.00007935,0.00022707,-0.00012978,0.0
 00008976,-0.00397963,-0.00256965,-0.02791055,0.09142258,0.15034596,0.0
 .00106638,0.00116781,0.00114070,0.00526742,-0.05434428,-0.06191931,-0.
 76,0.00090399,0.00469602,0.00059952,0.00481776,0.00101279,0.00945178,0
 2351,0.00000837,0.06703964,0.83141186,0.00002824,-0.00096399,-0.001300
 6703,0.00081623,0.04201521,-0.45829436,-0.04418326,-0.00045230,-0.0058
 2011,-0.00451718,-0.04055413,-0.04218994,0.00058324,-0.00168559,0.0002
 94032,0.61274769,0.00087806,-0.00184306,-0.00078158,0.01338089,-0.0072
 0247612,-0.11966242,0.01921452,0.00295533,-0.00163543,0.03169488,0.002
 0509873,0.01770149,-0.02164600,-0.00436854,-0.00520798,-0.00328987,0.0
 02880664,-0.00026038,0.00371051,0.00156236,-0.00932925,-0.00143167,0.0
 .00055005,0.04033492,-0.01498412,-0.03273489,-0.04546697,0.01730442,0.
 00124620,0.00105120,-0.00134415,-0.00099633,-0.00016972,-0.00038723,-0
 0.09729839,-0.00002998,-0.00020157,0.00077901,0.00044582,0.00061570,0.
 0.00069846,-0.00021612,0.09595744,-0.09566908,-0.01474582,-0.10501370,
 9,-0.00298504,0.00092666,-0.01854843,0.01185324,0.00220407,0.00093572,
 80,0.04266467,0.31425079,-0.00105672,0.00039659,-0.00019534,-0.0029769
 360,0.00165090,0.00082051,-0.00030090,-0.00026881,-0.29886897,0.098848
 855,-0.00016859,-0.00170916,-0.00386507,0.00123434,-0.01557099,0.01103
 51543,0.00194895,-0.08956318,0.05257588,0.12672588,-0.00088489,0.00055
 00018376,0.00925282,0.01890790,0.02046546,-0.06300176,0.00422484,0.002
 -0.08080217,0.74827529,0.00120278,0.00247599,0.01023318,0.00376276,-0.
 -0.04510735,-0.15615942,0.01852784,-0.02500633,-0.01353142,0.00274277,
 00,0.00462087,0.00126209,0.00288406,-0.01774960,0.02295884,0.00370048,
 2640,-0.07533171,0.02702032,0.00705145,0.00397434,-0.00342757,0.661754
 68279,0.00246504,0.00098465,-0.04889517,-0.01338635,0.00976341,-0.1899
 287917,0.05240539,-0.04707565,0.00520442,-0.05631071,0.03515384,-0.002
 100533,-0.00155755,-0.00672232,0.00055951,-0.00009108,0.00547759,-0.00
 0307529,0.04079505,-0.31946976,0.05053736,-0.04421989,0.33895495,-0.00
 .06298185,0.00001740,0.00074194,-0.00139795,0.00073522,-0.00888166,0.0
 0.00016911,0.03119519,-0.00641260,-0.06258615,0.03874755,-0.00369848,0
 0.02945886,-0.08346223,0.14762282,0.00104847,-0.00073093,-0.00078660,-
 ,0.00649948,-0.00187521,0.00523115,0.00908924,0.00906038,-0.05862578,-
 18,0.00031816,0.15304789,-0.17690088,0.00577776,-0.11511064,0.69310834
 5451,-0.43483521,0.13952814,0.00653558,0.71799190,-0.01861794,0.011035
 3494,-0.05996919,-0.09037680,0.15832114,-0.01972749,0.01195119,-0.0010
 994082,0.03711198,-0.03618614,0.55043774,0.04875862,0.03509229,-0.0426
 358357,-0.24200625,-0.12573414,0.05196734,0.82721422,-0.12241885,-0.13
 NImag=0\\0.25708193,0.13269798,0.14151030,-0.05401620,-0.03854336,0.03
 126203,65.8834422,-0.6341794,-1.2417793,41.0789172\PG=C01 [X(C5H6O1)]\
 .0044656,0.0400978,-0.1287315,0.1008255,-0.1951348\Polar=71.4868964,0.
 0688432,-0.0465565,0.0312038,0.0386756,0.0002411,0.0241124,0.0612813,0
 87856,-0.0827996,0.0570888,0.0336841,0.0617256,0.0189959,-0.0199869,0.
 921157,0.145875,0.017659,0.2348247,0.0310224,0.1554182,-0.0294454,0.52
 1,-0.6147349,-0.092992,-0.0483623,-0.1983054,-0.3058047,0.5587437,-0.0
 ,0.0357583,0.0085497,0.1479953,-0.8810675,0.567952,-0.0486293,0.045034
 336181,-0.0317642,-0.0517762,0.0035983,-0.0698642,0.0145021,-0.0131042
 963,-0.0963696,-0.1944008,0.6766709,0.1204813,-0.0850941,0.238675,-0.0
 2,0.0558414,-0.0038633,0.0269452,0.0175292,0.1570345,0.4746672,-0.5347
 .0527873,-0.0901266,-0.2423319,-0.0671144,0.0317087,0.0336259,0.029015
 245,-0.0509644,-0.019867,-0.0766669,-0.142787,-0.4364697,-0.0316454,-0
 47,0.0021166,0.0174394,-0.0911211,0.0365634,0.0048692,0.0534432,0.1311
 0.181125,-0.0563242,-0.0413337,-0.0886303,-0.1064956,0.0585605,0.01665
 0123055,-0.0175406,-0.2520484,0.2445843,0.1287024,0.0056981,0.1787298,
 2898,-0.2211494,-0.048383,-0.054777,0.0567564,-0.0554775,-0.0408006,0.
 096,0.0277324,-0.0605888,0.0113776,0.0305517,0.0521693,0.0515822,0.139
 12\Dipole=0.0939235,0.2337003,0.1289608\DipoleDeriv=-0.0403718,-0.0554
 5112\RMSD=6.316e-09\RMSF=3.774e-05\ZeroPoint=0.0982911\Thermal=0.10323
 39\H,1.310868,-0.739127,1.308732\\Version=ES64L-G16RevA.03\HF=-269.422
 39,-0.244302\C,1.222489,-0.572647,0.223468\H,2.090156,-1.01852,-0.2600
 -0.772586,-0.015022\H,-1.922676,-1.496068,-0.057151\O,0.089688,-1.3370
 ,-1.294047,0.547968,0.143988\H,-2.286852,0.943773,0.297709\C,-1.11872,
 089212\C,-0.148222,1.419024,-0.059668\H,-0.310514,2.472819,-0.249872\C
 nt_initalOpt\\0,1\H,1.96328,1.472077,-0.306293\C,1.078206,0.888467,-0.
 N Geom=AllCheck Guess=TCheck SCRF=Check GenChk RB3LYP/def2TZVP Freq\\i
 1\1\GINC-BHC0021\Freq\RB3LYP\def2TZVP\C5H6O1\DHANAWAY\10-Jun-2022\0\\#
 ----------------------------------------------------------------------

   zz         0.602912D+02      0.893423D+01      0.994067D+01
   zy         0.976350D+01      0.144680D+01      0.160978D+01
   zx         0.580968D+01      0.860906D+00      0.957888D+00
   yy         0.500302D+02      0.741370D+01      0.824886D+01
   yx        -0.723840D+01     -0.107262D+01     -0.119345D+01
   xx         0.681279D+02      0.100955D+02      0.112328D+02
   aniso      0.281342D+02      0.416906D+01      0.463871D+01
   iso        0.594831D+02      0.881448D+01      0.980744D+01
               (au)            (10**-24 esu)      (10**-40 SI)
 Alpha(0;0):
 (esu units = cm**3 , SI units = C**2 m**2 J**-1)
 Dipole polarizability, Alpha (dipole orientation).

   z          0.282964D+00      0.719222D+00      0.239906D+01
   y          0.000000D+00      0.000000D+00      0.000000D+00
   x          0.000000D+00      0.000000D+00      0.000000D+00
   Tot        0.282964D+00      0.719222D+00      0.239906D+01
                  (au)            (Debye)         (10**-30 SI)
 (Debye = 10**-18 statcoulomb cm , SI units = C m)
 Electric dipole moment (dipole orientation):

     1          1.73182306         -3.25134749          0.79580581
     1          4.17645163         -1.36082530         -0.50253516
     6          2.19894166         -1.35890271          0.06552300
     8          0.78570216         -0.99336869         -2.24090315
     1         -2.79010284         -0.72903944         -3.59018286
     6         -1.66971568         -0.35432314         -1.92045591
     1         -4.51705039          1.29696392          0.29494022
     6         -2.54563785          0.78608388          0.16754407
     1         -1.26563166          2.98384884          3.44943066
     6         -0.72645329          1.57094854          2.07035161
     6          1.62309282          0.64779695          1.98613140
     1          3.09753490          1.25773447          3.26519440
 Dipole orientation:

 ----------------------------------------------------------------------

   zz         0.410789D+02      0.608727D+01      0.677300D+01
   zy        -0.124178D+01     -0.184013D+00     -0.204742D+00
   zx        -0.634179D+00     -0.939757D-01     -0.104562D+00
   yy         0.658834D+02      0.976292D+01      0.108627D+02
   yx         0.126203D+00      0.187014D-01      0.208081D-01
   xx         0.714869D+02      0.105933D+02      0.117866D+02
   aniso      0.281342D+02      0.416906D+01      0.463871D+01
   iso        0.594831D+02      0.881448D+01      0.980744D+01
               (au)            (10**-24 esu)      (10**-40 SI)
 Alpha(0;0):
 (esu units = cm**3 , SI units = C**2 m**2 J**-1)
 Dipole polarizability, Alpha (input orientation).

   z          0.128961D+00      0.327786D+00      0.109338D+01
   y          0.233700D+00      0.594007D+00      0.198139D+01
   x          0.939235D-01      0.238730D+00      0.796317D+00
   Tot        0.282964D+00      0.719222D+00      0.239906D+01
                  (au)            (Debye)         (10**-30 SI)
 (Debye = 10**-18 statcoulomb cm , SI units = C m)
 Electric dipole moment (input orientation):

 ----------------------------------------------------------------------


 GradGradGradGradGradGradGradGradGradGradGradGradGradGradGradGradGradGrad
 --------------------------------------------------------------------------------
 ! D23   D(7,9,10,12)           79.3771         -DE/DX =    0.0                 !
 ! D22   D(7,9,10,11)         -165.4191         -DE/DX =    0.0                 !
 ! D21   D(7,9,10,2)           -42.9099         -DE/DX =    0.0                 !
 ! D20   D(8,7,9,10)          -160.1683         -DE/DX =    0.0                 !
 ! D19   D(5,7,9,10)            24.5105         -DE/DX =    0.0                 !
 ! D18   D(6,5,7,9)            178.3201         -DE/DX =    0.0                 !
 ! D17   D(6,5,7,8)              3.5737         -DE/DX =    0.0                 !
 ! D16   D(3,5,7,9)              5.6608         -DE/DX =    0.0                 !
 ! D15   D(3,5,7,8)           -169.0856         -DE/DX =    0.0                 !
 ! D14   D(4,3,5,7)            160.7541         -DE/DX =    0.0                 !
 ! D13   D(4,3,5,6)            -11.7654         -DE/DX =    0.0                 !
 ! D12   D(2,3,5,7)            -15.2226         -DE/DX =    0.0                 !
 ! D11   D(2,3,5,6)            172.258          -DE/DX =    0.0                 !
 ! D10   D(3,2,10,12)          -86.1145         -DE/DX =    0.0                 !
 ! D9    D(3,2,10,11)          152.4923         -DE/DX =    0.0                 !
 ! D8    D(3,2,10,9)            34.1503         -DE/DX =    0.0                 !
 ! D7    D(1,2,10,12)           92.5436         -DE/DX =    0.0                 !
 ! D6    D(1,2,10,11)          -28.8497         -DE/DX =    0.0                 !
 ! D5    D(1,2,10,9)          -147.1917         -DE/DX =    0.0                 !
 ! D4    D(10,2,3,5)            -5.802          -DE/DX =    0.0                 !
 ! D3    D(10,2,3,4)           178.3053         -DE/DX =    0.0                 !
 ! D2    D(1,2,3,5)            175.5907         -DE/DX =    0.0                 !
 ! D1    D(1,2,3,4)             -0.3021         -DE/DX =    0.0                 !
 ! A19   A(11,10,12)           108.1448         -DE/DX =    0.0                 !
 ! A18   A(9,10,12)            107.5979         -DE/DX =    0.0                 !
 ! A17   A(9,10,11)            105.347          -DE/DX =    0.0                 !
 ! A16   A(2,10,12)            111.0957         -DE/DX =    0.0                 !
 ! A15   A(2,10,11)            112.483          -DE/DX =    0.0                 !
 ! A14   A(2,10,9)             111.8666         -DE/DX =    0.0                 !
 ! A13   A(7,9,10)             115.1632         -DE/DX =    0.0                 !
 ! A12   A(8,7,9)              112.2047         -DE/DX =    0.0                 !
 ! A11   A(5,7,9)              123.1819         -DE/DX =    0.0                 !
 ! A10   A(5,7,8)              124.4339         -DE/DX =    0.0                 !
 ! A9    A(6,5,7)              119.8602         -DE/DX =    0.0                 !
 ! A8    A(3,5,7)              118.0509         -DE/DX =    0.0                 !
 ! A7    A(3,5,6)              121.6657         -DE/DX =    0.0                 !
 ! A6    A(4,3,5)              119.3044         -DE/DX =    0.0                 !
 ! A5    A(2,3,5)              119.2464         -DE/DX =    0.0                 !
 ! A4    A(2,3,4)              121.3233         -DE/DX =    0.0                 !
 ! A3    A(3,2,10)             118.0446         -DE/DX =    0.0                 !
 ! A2    A(1,2,10)             119.2018         -DE/DX =    0.0                 !
 ! A1    A(1,2,3)              122.7392         -DE/DX =    0.0                 !
 ! R12   R(10,12)                1.1015         -DE/DX =    0.0                 !
 ! R11   R(10,11)                1.0888         -DE/DX =    0.0                 !
 ! R10   R(9,10)                 1.4442         -DE/DX =   -0.0001              !
 ! R9    R(7,9)                  1.3533         -DE/DX =    0.0                 !
 ! R8    R(7,8)                  1.0823         -DE/DX =    0.0                 !
 ! R7    R(5,7)                  1.3416         -DE/DX =    0.0                 !
 ! R6    R(5,6)                  1.0798         -DE/DX =    0.0                 !
 ! R5    R(3,5)                  1.4537         -DE/DX =    0.0                 !
 ! R4    R(3,4)                  1.083          -DE/DX =    0.0                 !
 ! R3    R(2,10)                 1.5012         -DE/DX =    0.0                 !
 ! R2    R(2,3)                  1.3365         -DE/DX =    0.0                 !
 ! R1    R(1,2)                  1.0821         -DE/DX =    0.0                 !
 --------------------------------------------------------------------------------
 ! Name  Definition              Value          Derivative Info.                !
 --------------------------                            --------------------------
                           ! (Angstroms and Degrees)  !
                           ! Non-Optimized Parameters !
                           ----------------------------
 Predicted change in Energy=-9.581231D-08
 RMS     Displacement     0.000732     0.001200     YES
 Maximum Displacement     0.002849     0.001800     NO 
 RMS     Force            0.000018     0.000300     YES
 Maximum Force            0.000091     0.000450     YES
         Item               Value     Threshold  Converged?
   D23        1.38373  -0.00000   0.00000   0.00166   0.00166   1.38539
   D22       -2.88868   0.00001   0.00000   0.00157   0.00157  -2.88711
   D21       -0.75037   0.00000   0.00000   0.00145   0.00145  -0.74892
   D20       -2.79504   0.00000   0.00000  -0.00043  -0.00043  -2.79546
   D19        0.42833   0.00000   0.00000  -0.00055  -0.00055   0.42779
   D18        3.11239   0.00000   0.00000  -0.00012  -0.00012   3.11227
   D17        0.06263   0.00000   0.00000  -0.00026  -0.00026   0.06237
   D16        0.09922   0.00000   0.00000  -0.00042  -0.00042   0.09880
   D15       -2.95055   0.00000   0.00000  -0.00055  -0.00055  -2.95110
   D14        2.80469   0.00001   0.00000   0.00100   0.00100   2.80569
   D13       -0.20603   0.00001   0.00000   0.00069   0.00069  -0.20534
   D12       -0.26627   0.00001   0.00000   0.00059   0.00059  -0.26568
   D11        3.00620   0.00001   0.00000   0.00027   0.00027   3.00647
   D10       -1.50108  -0.00002   0.00000  -0.00190  -0.00190  -1.50298
    D9        2.66271   0.00001   0.00000  -0.00121  -0.00121   2.66149
    D8        0.59745  -0.00001   0.00000  -0.00141  -0.00141   0.59604
    D7        1.61723  -0.00001   0.00000  -0.00204  -0.00204   1.61519
    D6       -0.50217   0.00001   0.00000  -0.00135  -0.00135  -0.50352
    D5       -2.56743  -0.00001   0.00000  -0.00155  -0.00155  -2.56898
    D4       -0.10164   0.00000   0.00000   0.00038   0.00038  -0.10126
    D3        3.11205   0.00000   0.00000  -0.00004  -0.00004   3.11201
    D2        3.06411  -0.00000   0.00000   0.00053   0.00053   3.06464
    D1       -0.00538   0.00000   0.00000   0.00011   0.00011  -0.00527
   A19        1.88778  -0.00001   0.00000  -0.00029  -0.00029   1.88748
   A18        1.87760   0.00001   0.00000   0.00034   0.00034   1.87794
   A17        1.83844   0.00002   0.00000   0.00021   0.00021   1.83865
   A16        1.93911  -0.00001   0.00000  -0.00012  -0.00012   1.93899
   A15        1.96351  -0.00001   0.00000  -0.00031  -0.00031   1.96320
   A14        1.95224  -0.00001   0.00000   0.00021   0.00020   1.95244
   A13        2.00943   0.00004   0.00000   0.00055   0.00055   2.00998
   A12        1.95827   0.00003   0.00000   0.00007   0.00007   1.95834
   A11        2.14996  -0.00002   0.00000  -0.00003  -0.00003   2.14993
   A10        2.17181  -0.00000   0.00000  -0.00003  -0.00003   2.17178
    A9        2.09190   0.00001   0.00000   0.00006   0.00006   2.09196
    A8        2.06031  -0.00000   0.00000   0.00006   0.00006   2.06038
    A7        2.12355  -0.00001   0.00000  -0.00008  -0.00008   2.12347
    A6        2.08233  -0.00001   0.00000  -0.00008  -0.00008   2.08225
    A5        2.08117   0.00000   0.00000   0.00007   0.00007   2.08124
    A4        2.11746   0.00001   0.00000   0.00003   0.00003   2.11749
    A3        2.06003  -0.00000   0.00000   0.00024   0.00024   2.06027
    A2        2.08070  -0.00000   0.00000  -0.00023  -0.00023   2.08046
    A1        2.14221   0.00000   0.00000  -0.00001  -0.00001   2.14220
   R12        2.08155   0.00000   0.00000   0.00004   0.00004   2.08159
   R11        2.05748  -0.00002   0.00000  -0.00001  -0.00001   2.05747
   R10        2.72955  -0.00009   0.00000  -0.00049  -0.00049   2.72907
    R9        2.55737  -0.00000   0.00000   0.00002   0.00002   2.55739
    R8        2.04540  -0.00003   0.00000  -0.00008  -0.00008   2.04532
    R7        2.53525  -0.00001   0.00000  -0.00007  -0.00007   2.53518
    R6        2.04051  -0.00003   0.00000  -0.00008  -0.00008   2.04044
    R5        2.74702  -0.00000   0.00000   0.00003   0.00003   2.74705
    R4        2.04667  -0.00003   0.00000  -0.00007  -0.00007   2.04660
    R3        2.83676   0.00002   0.00000   0.00016   0.00016   2.83692
    R2        2.52580  -0.00003   0.00000  -0.00009  -0.00009   2.52571
    R1        2.04500  -0.00002   0.00000  -0.00006  -0.00006   2.04494
                                 (Linear)    (Quad)   (Total)
 Variable       Old X    -DE/DX   Delta X   Delta X   Delta X     New X
 Iteration  2 RMS(Cart)=  0.00000039 RMS(Int)=  0.00000010
 Iteration  1 RMS(Cart)=  0.00073167 RMS(Int)=  0.00000038
 Linear search not attempted -- first point.
 Angle between quadratic step and forces=  73.82 degrees.
     Eigenvalues ---    0.35912   0.36524   0.37805   0.53611   0.57412
     Eigenvalues ---    0.31195   0.34018   0.34977   0.35357   0.35858
     Eigenvalues ---    0.17761   0.19970   0.21133   0.27067   0.27834
     Eigenvalues ---    0.10340   0.10674   0.11727   0.11799   0.12527
     Eigenvalues ---    0.02817   0.03518   0.05823   0.07192   0.09656
     Eigenvalues ---    0.00342   0.01176   0.01398   0.01768   0.02126
 ITU=  0
 Second derivative matrix not updated -- analytic derivatives used.
 All quantities printed in internal units (Hartrees-Bohrs-Radians)
 Step number   1 out of a maximum of    2
 Search for a local minimum.
 Internal  Forces:  Max     0.000091073 RMS     0.000017903
 Berny optimization.
 GradGradGradGradGradGradGradGradGradGradGradGradGradGradGradGradGradGrad

 FormGI is forming the generalized inverse of G from B-inverse, IUseBI=4.
 Cartesian Forces:  Max     0.000118446 RMS     0.000037735
 -------------------------------------------------------------------
     12        1           0.000022844    0.000006519   -0.000001075
     11        1          -0.000002061    0.000022685    0.000016310
     10        6          -0.000076242   -0.000118446   -0.000060050
      9        8           0.000068513    0.000092687    0.000055492
      8        1           0.000009081    0.000027822    0.000002981
      7        6          -0.000027874   -0.000044053   -0.000014090
      6        1           0.000026783   -0.000005265   -0.000007646
      5        6          -0.000020396   -0.000000095    0.000004394
      4        1          -0.000004418   -0.000024663    0.000009978
      3        6           0.000029501    0.000007448   -0.000015966
      2        6          -0.000009643    0.000049893   -0.000001156
      1        1          -0.000016088   -0.000014533    0.000010828
 -------------------------------------------------------------------
 Number     Number              X              Y              Z
 Center     Atomic                   Forces (Hartrees/Bohr)
 -------------------------------------------------------------------
 ***** Axes restored to original set *****
 Rotational      0.935725D+05          4.971148         11.446492
 Translational   0.292084D+08          7.465507         17.189966
 Electronic      0.100000D+01          0.000000          0.000000
 Vib (V=0)    5  0.105385D+01          0.022778          0.052449
 Vib (V=0)    4  0.106723D+01          0.028260          0.065070
 Vib (V=0)    3  0.109798D+01          0.040595          0.093474
 Vib (V=0)    2  0.124762D+01          0.096081          0.221235
 Vib (V=0)    1  0.170924D+01          0.232804          0.536050
 Vib (V=0)       0.303408D+01          0.482027          1.109908
 Vib (Bot)    5  0.238220D+00         -0.623021         -1.434559
 Vib (Bot)    4  0.267870D+00         -0.572076         -1.317253
 Vib (Bot)    3  0.327999D+00         -0.484128         -1.114746
 Vib (Bot)    2  0.555815D+00         -0.255070         -0.587320
 Vib (Bot)    1  0.110103D+01          0.041799          0.096246
 Vib (Bot)       0.186769D-44        -44.728696       -102.991629
 Total V=0       0.829245D+13         12.918683         29.746366
 Total Bot       0.510457D-32        -32.292041        -74.355171
                       Q            Log10(Q)             Ln(Q)
 Vibration     5          0.976              0.997              0.422
 Vibration     4          0.929              1.090              0.499
 Vibration     3          0.856              1.248              0.656
 Vibration     2          0.716              1.605              1.235
 Vibration     1          0.630              1.864              2.305
 Vibrational             63.001             12.517              6.641
 Rotational               0.889              2.981             25.727
 Translational            0.889              2.981             39.128
 Electronic               0.000              0.000              0.000
 Total                   64.779             18.479             71.497
                      KCal/Mol        Cal/Mol-Kelvin    Cal/Mol-Kelvin
                     E (Thermal)             CV                S
 
 Sum of electronic and thermal Free Energies=         -269.352306
 Sum of electronic and thermal Enthalpies=            -269.318336
 Sum of electronic and thermal Energies=              -269.319280
 Sum of electronic and zero-point Energies=           -269.324220
 Thermal correction to Gibbs Free Energy=         0.070205
 Thermal correction to Enthalpy=                  0.104175
 Thermal correction to Energy=                    0.103231
 Zero-point correction=                           0.098291 (Hartree/Particle)
 
                             4460.88  4561.63  4590.55  4593.22  4631.20
                             2083.94  2159.02  2328.29  2434.91  4226.24
                             1707.95  1794.14  1841.08  1971.31  2035.42
                             1397.52  1405.92  1430.50  1558.65  1581.13
          (Kelvin)           1039.01  1115.15  1242.47  1338.51  1371.28
 Vibrational temperatures:    262.26   482.14   720.46   824.28   886.70
           vibrations may cause significant error
 Warning -- explicit consideration of   5 degrees of freedom as
                                   61.67859 (Kcal/Mol)
 Zero-point vibrational energy     258063.2 (Joules/Mol)
 Rotational constants (GHZ):           5.58817     5.37680     2.86316
 Rotational temperatures (Kelvin)      0.26819     0.25805     0.13741
 Rotational symmetry number  1.
 This molecule is an asymmetric top.
           Z            0.01591  -0.00214   0.99987
           Y            0.99762  -0.06708  -0.01602
           X            0.06711   0.99775   0.00106
     Eigenvalues --   322.95729 335.65357 630.33195
                           1         2         3
 Principal axes and moments of inertia in atomic units:
 Molecular mass:    82.04186 amu.
 Atom    12 has atomic number  1 and mass   1.00783
 Atom    11 has atomic number  1 and mass   1.00783
 Atom    10 has atomic number  6 and mass  12.00000
 Atom     9 has atomic number  8 and mass  15.99491
 Atom     8 has atomic number  1 and mass   1.00783
 Atom     7 has atomic number  6 and mass  12.00000
 Atom     6 has atomic number  1 and mass   1.00783
 Atom     5 has atomic number  6 and mass  12.00000
 Atom     4 has atomic number  1 and mass   1.00783
 Atom     3 has atomic number  6 and mass  12.00000
 Atom     2 has atomic number  6 and mass  12.00000
 Atom     1 has atomic number  1 and mass   1.00783
 Temperature   298.150 Kelvin.  Pressure   1.00000 Atm.
 -------------------
 - Thermochemistry -
 -------------------

    12   1    -0.00   0.00  -0.00    -0.00  -0.00  -0.00     0.00   0.00   0.00
    11   1    -0.02   0.01   0.01     0.03  -0.02  -0.02    -0.01   0.00   0.00
    10   6     0.00  -0.00  -0.00    -0.00   0.00   0.00     0.00  -0.00  -0.00
     9   8    -0.00   0.00   0.00    -0.00   0.00   0.00     0.00  -0.00  -0.00
     8   1     0.64   0.58   0.03     0.24   0.22   0.01     0.26   0.24   0.02
     7   6    -0.05  -0.05  -0.00    -0.02  -0.02  -0.00    -0.02  -0.03  -0.00
     6   1    -0.35   0.14   0.05    -0.00  -0.00  -0.00     0.84  -0.34  -0.13
     5   6     0.03  -0.01  -0.00     0.00   0.00   0.00    -0.07   0.03   0.01
     4   1     0.01  -0.07   0.01    -0.08   0.49  -0.09     0.02  -0.15   0.03
     3   6    -0.00   0.01  -0.00     0.01  -0.04   0.01    -0.00   0.01  -0.00
     2   6     0.02   0.01  -0.01    -0.06  -0.03   0.01     0.01   0.00  -0.00
     1   1    -0.25  -0.17   0.06     0.65   0.43  -0.16    -0.05  -0.03   0.01
  Atom  AN      X      Y      Z        X      Y      Z        X      Y      Z
 IR Inten    --      0.5765                16.5508                 8.2837
 Frc consts  --      6.5326                 6.5877                 6.6975
 Red. masses --      1.0892                 1.0971                 1.0971
 Frequencies --   3190.5940              3192.4466              3218.8439
                      A                      A                      A
                     28                     29                     30
    12   1     0.06  -0.15   0.98    -0.02   0.02  -0.08     0.00   0.00   0.01
    11   1     0.08  -0.03  -0.07     0.78  -0.41  -0.45    -0.03   0.02   0.02
    10   6    -0.01   0.02  -0.07    -0.07   0.03   0.04     0.00  -0.00  -0.00
     9   8    -0.00  -0.00  -0.00    -0.00  -0.00  -0.00     0.00  -0.00  -0.00
     8   1     0.00   0.01  -0.00     0.01   0.01   0.00    -0.04  -0.04  -0.00
     7   6    -0.00  -0.00  -0.00     0.00  -0.00   0.00     0.00   0.00   0.00
     6   1    -0.00   0.00   0.00     0.00  -0.00  -0.00     0.12  -0.05  -0.02
     5   6    -0.00  -0.00   0.00    -0.00   0.00   0.00    -0.01   0.00   0.00
     4   1     0.00  -0.01  -0.00    -0.00   0.00  -0.00    -0.13   0.82  -0.15
     3   6     0.00   0.00   0.00     0.00  -0.00   0.00     0.01  -0.07   0.01
     2   6    -0.00   0.00  -0.00     0.00   0.00  -0.00     0.03   0.02  -0.01
     1   1    -0.00   0.00  -0.01    -0.05  -0.03   0.01    -0.42  -0.28   0.10
  Atom  AN      X      Y      Z        X      Y      Z        X      Y      Z
 IR Inten    --     85.2144                22.2460                 5.5991
 Frc consts  --      5.4576                 6.1683                 6.4300
 Red. masses --      1.0736                 1.0891                 1.0857
 Frequencies --   2937.3857              3100.4641              3170.4922
                      A                      A                      A
                     25                     26                     27
    12   1     0.62  -0.29  -0.11    -0.16  -0.24  -0.02     0.06  -0.02  -0.01
    11   1     0.26  -0.11   0.65    -0.15  -0.33  -0.02     0.06  -0.12   0.12
    10   6    -0.06   0.04  -0.03     0.06   0.04   0.02     0.03  -0.04  -0.00
     9   8    -0.02   0.00  -0.01     0.02  -0.05  -0.02    -0.02   0.04   0.00
     8   1    -0.01   0.04   0.00     0.44  -0.13  -0.13    -0.31   0.11   0.08
     7   6     0.02   0.00  -0.00    -0.09   0.36   0.06     0.08  -0.24  -0.04
     6   1     0.03   0.08  -0.00     0.18   0.12  -0.02    -0.28  -0.25   0.04
     5   6    -0.01  -0.03   0.00    -0.05  -0.36  -0.02    -0.05   0.25   0.02
     4   1    -0.02   0.01   0.00    -0.03  -0.08   0.05    -0.35  -0.26   0.08
     3   6     0.01   0.01  -0.00     0.27  -0.02  -0.02     0.35  -0.13  -0.01
     2   6     0.01  -0.01  -0.00    -0.25   0.12  -0.01    -0.30   0.19  -0.01
     1   1    -0.04   0.05  -0.01    -0.01  -0.26   0.02    -0.01  -0.31   0.07
  Atom  AN      X      Y      Z        X      Y      Z        X      Y      Z
 IR Inten    --      1.9308                48.8141                30.4458
 Frc consts  --      1.4728                 8.8489                 9.1408
 Red. masses --      1.1101                 5.7353                 5.4170
 Frequencies --   1500.5916              1618.2440              1692.3489
                      A                      A                      A
                     22                     23                     24
    12   1    -0.19  -0.36  -0.05    -0.22  -0.47  -0.08    -0.06   0.23   0.04
    11   1    -0.13  -0.29   0.01    -0.32  -0.46  -0.05     0.04   0.22  -0.13
    10   6     0.02   0.04  -0.01     0.01   0.14  -0.01    -0.00  -0.03   0.01
     9   8     0.05   0.01   0.02     0.06  -0.02   0.01    -0.03   0.03   0.00
     8   1    -0.40   0.42   0.09    -0.03  -0.04   0.01    -0.33   0.44   0.09
     7   6     0.02  -0.04  -0.01    -0.04  -0.01   0.00     0.11  -0.04  -0.02
     6   1     0.10   0.27  -0.00    -0.10  -0.16   0.01     0.11   0.46   0.00
     5   6    -0.02  -0.04   0.00    -0.00   0.05   0.00    -0.11  -0.11   0.01
     4   1     0.39   0.05  -0.04    -0.45  -0.01   0.05    -0.33   0.04   0.04
     3   6    -0.07  -0.01   0.01     0.04   0.05  -0.01     0.10   0.08  -0.02
     2   6    -0.02   0.05  -0.02     0.03  -0.12   0.01     0.02  -0.08   0.02
     1   1     0.21  -0.27   0.03    -0.22   0.24  -0.01    -0.25   0.31  -0.04
  Atom  AN      X      Y      Z        X      Y      Z        X      Y      Z
 IR Inten    --      0.7354                10.8343                 7.6276
 Frc consts  --      1.3424                 1.8237                 2.1697
 Red. masses --      1.2137                 1.5466                 1.7553
 Frequencies --   1370.1298              1414.6862              1448.4121
                      A                      A                      A
                     19                     20                     21
    12   1     0.05  -0.10   0.00    -0.29  -0.36  -0.04    -0.39  -0.50  -0.08
    11   1    -0.13  -0.03  -0.10     0.07   0.06   0.01     0.40   0.56   0.12
    10   6    -0.05  -0.02   0.03     0.06   0.04   0.00     0.00  -0.04  -0.03
     9   8     0.02  -0.00  -0.00    -0.11   0.01   0.02     0.02   0.02   0.04
     8   1     0.04  -0.08  -0.04     0.46  -0.48  -0.04    -0.12   0.10   0.03
     7   6    -0.00  -0.03   0.00     0.10  -0.07  -0.02    -0.05   0.02   0.00
     6   1     0.00   0.00  -0.01     0.17   0.51  -0.02    -0.07  -0.23   0.01
     5   6     0.01   0.01   0.01    -0.02   0.02   0.01     0.01  -0.01  -0.01
     4   1     0.64   0.06  -0.06     0.07   0.04   0.00    -0.03  -0.01   0.03
     3   6     0.04  -0.02   0.00    -0.01   0.02   0.00     0.02  -0.00  -0.00
     2   6    -0.03   0.02  -0.02    -0.02  -0.01  -0.02     0.01   0.00  -0.03
     1   1    -0.42   0.60  -0.04     0.03  -0.07   0.04    -0.04   0.10   0.02
  Atom  AN      X      Y      Z        X      Y      Z        X      Y      Z
 IR Inten    --      0.4766                46.7104                 7.5109
 Frc consts  --      0.9269                 1.3199                 1.0891
 Red. masses --      1.1164                 1.4407                 1.1289
 Frequencies --   1187.0814              1246.9904              1279.6113
                      A                      A                      A
                     16                     17                     18
    12   1    -0.06  -0.09   0.01     0.30  -0.44   0.03     0.10  -0.14  -0.01
    11   1    -0.08  -0.24   0.01    -0.30   0.29  -0.42    -0.05   0.13  -0.09
    10   6     0.01  -0.06   0.01    -0.10   0.05   0.15    -0.13  -0.10   0.01
     9   8    -0.08   0.05   0.02    -0.05  -0.05  -0.04     0.17  -0.04   0.00
     8   1    -0.05   0.26   0.10     0.08   0.13   0.02     0.08  -0.17  -0.07
     7   6     0.11   0.08  -0.01     0.14   0.06   0.01    -0.09   0.01   0.01
     6   1     0.22  -0.01   0.06    -0.22  -0.28   0.05     0.25   0.75  -0.01
     5   6     0.18  -0.01  -0.07    -0.11   0.01  -0.00    -0.02   0.07   0.01
     4   1    -0.45  -0.27  -0.39    -0.07  -0.05   0.17    -0.41  -0.11   0.01
     3   6    -0.09  -0.12   0.10     0.01  -0.08   0.00    -0.01  -0.05   0.02
     2   6    -0.04   0.04  -0.06     0.11   0.06  -0.10     0.02   0.07  -0.04
     1   1    -0.20   0.38   0.26     0.24  -0.07   0.06     0.04   0.07   0.02
  Atom  AN      X      Y      Z        X      Y      Z        X      Y      Z
 IR Inten    --      5.4131                 5.1395                57.9834
 Frc consts  --      1.3143                 1.5633                 1.4378
 Red. masses --      2.2566                 2.2609                 2.0207
 Frequencies --    994.2464              1083.3186              1098.9380
                      A                      A                      A
                     13                     14                     15
    12   1    -0.26   0.33  -0.10    -0.39   0.02  -0.07     0.08   0.01   0.01
    11   1     0.06   0.29   0.08    -0.06  -0.40   0.19     0.03   0.28  -0.08
    10   6    -0.11   0.18  -0.14    -0.09  -0.12  -0.13     0.01   0.11   0.04
     9   8     0.04  -0.06   0.02     0.01   0.04   0.08    -0.02  -0.02  -0.02
     8   1     0.05   0.12  -0.35     0.21  -0.01  -0.08    -0.11   0.14   0.21
     7   6     0.08   0.06   0.06     0.14   0.06  -0.00    -0.01   0.04  -0.02
     6   1     0.01   0.11   0.33    -0.12  -0.18   0.11     0.19   0.23  -0.17
     5   6    -0.07   0.06  -0.05    -0.07   0.00   0.00     0.12   0.03  -0.00
     4   1     0.23  -0.22  -0.42    -0.06   0.04   0.47     0.01  -0.01   0.67
     3   6     0.04  -0.15   0.07    -0.03  -0.06  -0.09    -0.03  -0.14  -0.07
     2   6    -0.01  -0.10   0.06     0.08   0.10   0.10    -0.07  -0.05   0.07
     1   1     0.02  -0.12   0.19    -0.05   0.09  -0.43    -0.19  -0.05  -0.40
  Atom  AN      X      Y      Z        X      Y      Z        X      Y      Z
 IR Inten    --      8.8363                19.1566                 6.1104
 Frc consts  --      1.3556                 1.2708                 1.0091
 Red. masses --      2.5329                 2.2861                 1.7937
 Frequencies --    953.0862               971.3245               977.1610
                      A                      A                      A
                     10                     11                     12
    12   1     0.07  -0.02   0.02     0.23  -0.14  -0.06    -0.08   0.10  -0.03
    11   1     0.01   0.02  -0.02    -0.35   0.20  -0.38    -0.02   0.01   0.03
    10   6     0.03   0.01   0.03    -0.26   0.00  -0.02    -0.05   0.02  -0.05
     9   8     0.00  -0.01   0.02     0.05   0.24   0.09     0.02   0.00   0.02
     8   1     0.01  -0.10   0.43     0.14  -0.18  -0.11     0.12  -0.13   0.78
     7   6    -0.04  -0.00  -0.09     0.05  -0.09  -0.03     0.01   0.04  -0.13
     6   1     0.10  -0.00   0.77     0.16  -0.20   0.12    -0.12  -0.02  -0.47
     5   6    -0.03  -0.00  -0.11     0.16  -0.11  -0.04    -0.03  -0.01   0.09
     4   1     0.03  -0.01  -0.08     0.03   0.08   0.04     0.05  -0.08  -0.22
     3   6     0.02   0.01   0.06     0.05   0.08  -0.00     0.02  -0.03   0.04
     2   6     0.02   0.01   0.02    -0.09  -0.13  -0.00     0.02  -0.02   0.00
     1   1    -0.04  -0.04  -0.38     0.13  -0.48  -0.01     0.04  -0.03   0.07
  Atom  AN      X      Y      Z        X      Y      Z        X      Y      Z
 IR Inten    --     18.7860                11.3881                 1.0136
 Frc consts  --      0.4719                 1.6159                 0.7343
 Red. masses --      1.3334                 3.6778                 1.4401
 Frequencies --    775.0656               863.5629               930.3095
                      A                      A                      A
                      7                      8                      9
    12   1    -0.12   0.24   0.09    -0.10   0.26  -0.04     0.04   0.10   0.03
    11   1     0.07  -0.23   0.26    -0.15  -0.08   0.00     0.04  -0.05   0.06
    10   6     0.05  -0.01   0.02    -0.05   0.18  -0.05     0.02  -0.02   0.00
     9   8     0.04   0.17  -0.03    -0.14   0.07   0.05     0.03  -0.01   0.04
     8   1     0.08  -0.14   0.25    -0.20  -0.20  -0.12     0.04   0.01   0.04
     7   6    -0.03  -0.01   0.12    -0.22  -0.17  -0.04     0.01   0.05  -0.10
     6   1    -0.11   0.08  -0.22     0.19   0.10   0.11     0.04  -0.00   0.50
     5   6    -0.13   0.01  -0.17     0.07  -0.17   0.03    -0.01   0.02   0.08
     4   1     0.14  -0.00   0.64    -0.13  -0.16   0.17     0.07   0.08   0.36
     3   6     0.02  -0.11   0.15     0.13  -0.16  -0.06    -0.03  -0.01  -0.12
     2   6     0.03  -0.11  -0.18     0.26   0.20   0.00    -0.05  -0.06  -0.06
     1   1     0.00   0.05   0.16     0.28   0.32   0.40     0.05   0.09   0.73
  Atom  AN      X      Y      Z        X      Y      Z        X      Y      Z
 IR Inten    --     14.6662                 0.6050                45.0326
 Frc consts  --      0.5999                 1.0660                 0.4748
 Red. masses --      3.1023                 4.7635                 1.5451
 Frequencies --    572.9028               616.2894               722.1472
                      A                      A                      A
                      4                      5                      6
    12   1     0.54  -0.17  -0.22     0.01  -0.22  -0.03     0.37  -0.24  -0.01
    11   1    -0.05   0.08  -0.53    -0.01   0.05  -0.09     0.03  -0.02  -0.22
    10   6     0.10  -0.03  -0.16    -0.02  -0.04  -0.01     0.16  -0.03   0.05
     9   8    -0.03  -0.04   0.15     0.01   0.07  -0.16     0.01   0.21   0.03
     8   1    -0.02   0.01   0.04     0.05  -0.09   0.68     0.03  -0.03  -0.39
     7   6    -0.03   0.02   0.01     0.00  -0.02   0.21    -0.06   0.06  -0.07
     6   1    -0.07   0.03  -0.29     0.03   0.02   0.16    -0.11   0.10   0.01
     5   6    -0.05   0.02  -0.15    -0.01   0.00  -0.08    -0.13   0.01   0.13
     4   1     0.04   0.05   0.20     0.03  -0.03  -0.24     0.01  -0.25  -0.49
     3   6    -0.01   0.02   0.04    -0.01  -0.02  -0.18    -0.03  -0.19  -0.08
     2   6    -0.01   0.02   0.09     0.01   0.01   0.19     0.03  -0.09   0.07
     1   1     0.00   0.09   0.31     0.06   0.05   0.48    -0.10  -0.03  -0.30
  Atom  AN      X      Y      Z        X      Y      Z        X      Y      Z
 IR Inten    --      2.4362                12.2164                15.3493
 Frc consts  --      0.0430                 0.1831                 0.4587
 Red. masses --      2.1951                 2.7677                 3.1051
 Frequencies --    182.2765               335.1050               500.7459
                      A                      A                      A
                      1                      2                      3
 and normal coordinates:
 incident light, reduced masses (AMU), force constants (mDyne/A),
 activities (A**4/AMU), depolarization ratios for plane and unpolarized
 Harmonic frequencies (cm**-1), IR intensities (KM/Mole), Raman scattering
        3.7848569       3.5693544       9.0006127
 Diagonal vibrational polarizability:
 Low frequencies ---  182.2768  335.1050  500.7459
 Low frequencies ---    0.0002    0.0003    0.0006    5.3590    7.0415   11.0676
 Full mass-weighted force constant matrix:
 Calling FoFJK, ICntrl=    100127 FMM=F ISym2X=0 I1Cent= 0 IOpClX= 0 NMat=1 NMatS=1 NMatT=0.
 LDataN:  DoStor=T MaxTD1= 8 Len=  415
 ECPInt:  NShTT=    4095 NPrTT=   12396 LenC2=    4075 LenP2D=   10423.
   1 Symmetry operations used in ECPInt.
 End of Minotr F.D. properties file   788 does not exist.
 End of Minotr F.D. properties file   722 does not exist.
 End of Minotr F.D. properties file   721 does not exist.
 Isotropic polarizability for W=    0.000000       59.48 Bohr**3.
 Solved reduced A of dimension   222 with    39 vectors.
 InvSVY:  IOpt=1 It=  1 EMax= 1.07D-14
      3 vectors produced by pass  7 Test12= 1.13D-14 2.56D-09 XBig12= 3.24D-15 7.70D-09.
      6 vectors produced by pass  6 Test12= 1.13D-14 2.56D-09 XBig12= 3.25D-12 2.13D-07.
     33 vectors produced by pass  5 Test12= 1.13D-14 2.56D-09 XBig12= 2.73D-09 7.12D-06.
     36 vectors produced by pass  4 Test12= 1.13D-14 2.56D-09 XBig12= 1.35D-06 1.76D-04.
     36 vectors produced by pass  3 Test12= 1.13D-14 2.56D-09 XBig12= 5.56D-04 4.04D-03.
     36 vectors produced by pass  2 Test12= 1.13D-14 2.56D-09 XBig12= 1.98D-01 6.02D-02.
     36 vectors produced by pass  1 Test12= 1.13D-14 2.56D-09 XBig12= 1.73D+01 6.75D-01.
 AX will form    36 AO Fock derivatives at one time.
     36 vectors produced by pass  0 Test12= 1.13D-14 2.56D-09 XBig12= 7.49D+01 4.85D+00.
          There are    39 degrees of freedom in the 1st order CPHF.  IDoFFX=6 NUNeed=     3.
 Keep R1 ints in memory in canonical form, NReq=319334578.
          Differentiating once with respect to nuclear coordinates.
                with respect to dipole field.
          Differentiating once with respect to electric field.
          IDoAtm=111111111111
 End of G2Drv F.D. properties file   788 does not exist.
 End of G2Drv F.D. properties file   722 does not exist.
 End of G2Drv F.D. properties file   721 does not exist.
 Calling FoFCou, ICntrl=  3107 FMM=F I1Cent=   0 AccDes= 0.00D+00.
 G2DrvN: will do    13 centers at a time, making    1 passes.
 IMax=3 JMax=2 DiffMx= 0.00D+00
 Symmetrizing basis deriv contribution to polar:
 LDataN:  DoStor=T MaxTD1= 7 Len=  274
 ECPInt:  NShTT=    4095 NPrTT=   12396 LenC2=    4075 LenP2D=   10423.
   1 Symmetry operations used in ECPInt.

 **** Warning!!: The largest alpha MO coefficient is  0.19221540D+02

 NROrb=    222 NOA=    22 NOB=    22 NVA=   200 NVB=   200
 NBasis=   222 NAE=    22 NBE=    22 NFC=     0 NFV=     0
 Range of M.O.s used for correlation:     1   222
 DoSCS=F DFT=T ScalE2(SS,OS)=  1.000000  1.000000
            NFock=  1  Conv=0.63D-08     -V/T= 2.0050
 SCF Done:  E(RB3LYP) =  -269.422511161     A.U. after    1 cycles
 No special actions if energy rises.
 Requested convergence on             energy=1.00D-06.
 Requested convergence on MAX density matrix=1.00D-06.
 Requested convergence on RMS density matrix=1.00D-08 within 128 cycles.
 Keep R1 ints in memory in canonical form, NReq=319364449.
         Rot=    1.000000   -0.000000    0.000000    0.000000 Ang=   0.00 deg.
 B after Tr=    -0.000000    0.000000   -0.000000
 Initial guess from the checkpoint file:  "checkpoint.chk"
 NBsUse=   222 1.00D-06 EigRej= -1.00D+00 NBFU=   222
 NBasis=   222 RedAO= T EigKep=  9.59D-05  NBF=   222
 LDataN:  DoStor=T MaxTD1= 6 Len=  172
 ECPInt:  NShTT=    4095 NPrTT=   12396 LenC2=    4075 LenP2D=   10423.
   1 Symmetry operations used in ECPInt.
 One-electron integrals computed using PRISM.
 Two-electron integral symmetry is turned on.
 Raffenetti 2 integral format.
 Integral buffers will be    131072 words long.
 NAtoms=   12 NActive=   12 NUniq=   12 SFac= 1.00D+00 NAtFMM=   60 NAOKFM=F Big=F
       nuclear repulsion energy       223.6887385059 Hartrees.
    22 alpha electrons       22 beta electrons
   222 basis functions,   354 primitive gaussians,   252 cartesian basis functions
 There are   222 symmetry adapted basis functions of A   symmetry.
 There are   252 symmetry adapted cartesian basis functions of A   symmetry.
 Standard basis: def2TZVP (5D, 7F)
 Rotational constants (GHZ):           5.5881729           5.3767973           2.8631600
 ---------------------------------------------------------------------
     12          1           0        1.310866   -0.739130    1.308732
     11          1           0        2.090154   -1.018524   -0.260039
     10          6           0        1.222488   -0.572650    0.223468
      9          8           0        0.089685   -1.337039   -0.244302
      8          1           0       -1.922679   -1.496064   -0.057151
      7          6           0       -1.118722   -0.772584   -0.015022
      6          1           0       -2.286850    0.943778    0.297709
      5          6           0       -1.294046    0.547971    0.143988
      4          1           0       -0.310509    2.472820   -0.249872
      3          6           0       -0.148219    1.419024   -0.059668
      2          6           0        1.078208    0.888465   -0.089212
      1          1           0        1.963283    1.472073   -0.306293
