 Normal termination of Gaussian 16 at Fri Jun 10 02:14:57 2022.
 File lengths (MBytes):  RWF=     52 Int=      0 D2E=      0 Chk=     32 Scr=      1
 Elapsed time:       0 days  0 hours  2 minutes 10.7 seconds.
 Job cpu time:       0 days  0 hours 26 minutes  3.5 seconds.
                                                    --DICKENS

 NATURE GIVES TO EVERY TIME AND SEASON SOME BEAUTY OF ITS OWN.


 0000262,-0.00000817,-0.00000549\\\@
 .00000317,-0.00000797,0.00000006,-0.00000731,0.00000629,0.00000134,0.0
 .00002519,-0.00001440,-0.00001916,-0.00000090,-0.00000235,0.00000049,0
 .00000823,-0.00000373,-0.00000311,0.00000486,-0.00000011,-0.00001979,0
 0.00000125,-0.00000072,-0.00001538,0.00000879,0.00000108,0.00000920,-0
 4,0.00001215,0.00001754,-0.00002686,0.00000585,0.00000475,0.00000339,-
 39\\0.00000421,-0.00003164,0.00001317,-0.00004915,0.00003944,0.0000621
 1599,0.00079640,-0.00052612,0.00224337,0.07821430,-0.01330744,0.043888
 15538,-0.07003146,0.01237145,-0.05160459,0.00224521,0.00093944,-0.0071
 0004305,-0.00732777,0.00288443,0.00114350,0.00166083,-0.00018665,0.000
 00043720,0.00014173,0.00025482,0.00002436,-0.00005616,-0.00000782,-0.0
 .00008119,0.00009088,-0.00022997,-0.00023157,-0.00062563,0.00047389,0.
 0.00085437,-0.00341577,-0.00141805,0.01187617,0.00086538,-0.00043402,0
 0.00268100,0.00658368,-0.06209264,0.06719786,-0.00255793,-0.00081396,-
 ,-0.07072644,0.01437568,-0.00017103,0.00125820,0.00085458,0.02537585,-
 8,0.00709680,-0.00649191,-0.00090010,0.00012241,-0.00023658,0.06396832
 8170,0.00040852,0.00034978,0.00006546,0.00019734,0.00008724,-0.0254912
 00833,-0.00000333,0.00005093,-0.00007156,0.00018908,0.00001743,-0.0002
 082910,-0.00299086,-0.00186978,0.00020352,0.00004370,-0.00026419,0.000
 029000,-0.00170533,0.32377793,0.00021595,-0.00011228,-0.00014943,-0.00
 917116,-0.07001716,0.00052556,-0.00054659,0.00225687,-0.00383660,-0.00
 51615,-0.00486747,-0.00128966,-0.00009672,-0.00006412,-0.30454633,0.05
 004467,0.00002406,-0.00006886,-0.00000264,0.00001158,-0.01686270,0.006
 00008137,0.00011926,0.00005591,-0.00007041,0.00006844,0.00011599,-0.00
 00239418,-0.00381568,0.00040825,-0.00013059,-0.00020363,-0.00001049,0.
 .00686583,0.02546777,0.00026793,-0.00010024,-0.00002112,0.00146308,-0.
 0.00355994,-0.03714009,-0.00375785,-0.00243124,0.01036938,0.00597655,0
 .00894309,0.00596539,-0.00087091,-0.00021479,-0.00007250,-0.00507012,-
 -0.00015896,0.00031317,-0.00007812,0.00003845,0.00005927,0.00151007,-0
 ,0.00021017,0.00006337,0.00033612,-0.00018195,-0.00030998,-0.00023385,
 2,0.00033424,-0.00675970,-0.00042175,0.00124796,-0.00040324,0.00003750
 7584,-0.07848534,0.33451846,0.00161826,0.00020964,0.00020379,0.0026594
 852,0.07194705,-0.31091845,-0.00510623,-0.00285725,-0.00141974,-0.0020
 7589,0.00753292,-0.02136677,-0.00052826,-0.00003331,0.00006242,0.00002
 00005398,0.00013227,0.00072978,0.00033587,0.00001708,0.00026429,0.0001
 0022051,-0.00005164,-0.00011123,-0.00002137,-0.00004185,0.00020122,-0.
 0.00000898,0.00190064,0.00040737,0.00111723,0.00008562,0.00042673,-0.0
 -0.00114051,-0.00263153,-0.00385397,0.07297350,0.00014381,-0.00011309,
 1,0.00038887,0.00028132,0.00003402,-0.07708631,0.07557041,-0.00470305,
 72,0.00026375,0.00018744,-0.00001140,0.01079732,-0.01965081,-0.0006464
 3688,-0.00013434,0.00016949,0.00008095,-0.00158031,0.00032115,0.000233
 844,-0.00045331,-0.00044127,-0.00012551,0.00002218,-0.00001977,-0.0000
 62,-0.00007810,-0.00023445,-0.00020285,-0.00013615,-0.00044249,0.00245
 47298,0.00242661,-0.00832763,0.00668464,0.00692104,0.00732600,0.028195
 08581,-0.00411138,-0.00411895,-0.04297290,0.00083326,-0.00007611,0.000
 006243,0.00005509,-0.00000874,0.00005318,0.00005873,-0.00010434,-0.000
 147389,0.00021371,-0.00020503,-0.00009687,0.00002934,-0.00003801,-0.00
 0049909,-0.00194337,0.00608858,0.00258522,-0.00153148,-0.00052493,0.00
 02254681,-0.00055207,-0.08801119,0.31371315,-0.00135445,0.00121041,0.0
 0.29100997,-0.00544815,0.00049886,0.00039542,0.00025125,0.00857187,-0.
 6,0.00006632,0.00009061,0.00014184,0.00009020,-0.00023525,0.08079729,-
 ,-0.00003181,-0.00005105,0.00012067,-0.00006676,-0.00012887,-0.0002611
 5,-0.00190588,-0.00010228,-0.00042974,0.00142150,0.00074908,0.00016997
 749,-0.00158640,0.08816244,0.00084056,0.00003617,-0.00040747,0.0007391
 001,-0.00210674,0.00075290,-0.00074307,-0.00036534,0.00866170,-0.02228
 3892,-0.00015604,-0.00122134,0.00070549,0.00106418,-0.08300939,0.08478
 06223,0.00053777,-0.00011600,-0.00000916,0.00007934,0.00041367,-0.0000
 0519,0.00079835,-0.00351127,-0.00081983,-0.00404373,-0.00030515,-0.000
 290309,0.16120426,0.00155442,-0.00079052,0.00037022,-0.01076703,0.0303
 8563793,-0.08264485,-0.00058910,0.00019956,-0.00041978,0.16974738,0.08
 00049120,-0.00006771,0.00005941,0.00020558,0.00009811,-0.08278586,-0.0
 ,0.00024717,0.00066160,-0.00003641,0.00015433,0.00067386,0.00015684,0.
 ,-0.00505863,0.00501182,0.00119937,-0.00089576,-0.00045193,-0.00059759
 6,0.08176204,0.73705471,0.00120840,-0.00132598,-0.00200533,-0.01205582
 92,-0.19506348,-0.34379780,-0.08344277,0.00288590,0.00112422,0.0009853
 6086,0.00081375,0.00003259,-0.00017001,0.00012772,0.00025339,-0.000012
 038841,-0.00038850,0.00003588,0.00029121,0.00044747,-0.00023097,0.0000
 00196792,-0.00595729,0.00850916,0.00048081,-0.00100424,0.00100876,0.00
 0.00331076,0.00121613,-0.00096331,0.68689524,0.00392255,0.00020175,-0.
 0.00002010,0.00004681,0.00000596,-0.28209242,-0.20174092,-0.08395262,-
 ,-0.00099637,0.00070919,0.00115090,-0.00068386,0.00039311,-0.00017258,
 80,0.00214949,-0.00138235,-0.00099076,0.00027013,0.00003368,0.00044120
 ,-0.00039359,-0.00307494,-0.00377241,-0.02888705,-0.02245000,-0.008818
 5,-0.00089476,-0.00310594,-0.00328571,0.06734215,0.12377864,0.25201937
 158,-0.00073773,0.00163644,0.00094246,0.00079466,-0.00068005,0.0001958
 0141,0.00273464,-0.00205798,-0.00120050,-0.00122323,0.00148857,0.00197
 97628,-0.06679889,-0.11453394,-0.23470427,0.00430775,0.00378197,0.0039
 217984,0.00333063,0.03307107,0.10996215,-0.00416582,-0.01133625,-0.019
 0208328,-0.00282615,-0.00175769,0.00143503,0.00175359,-0.00233975,0.00
 00097185,0.00188755,0.00132589,-0.00010365,-0.00138540,0.00397754,-0.0
 0448295,-0.11486801,-0.00867970,-0.01448865,-0.02380799,-0.00181504,0.
 .02647535,0.07840676,0.00441145,0.00490520,0.01241513,-0.02885143,-0.1
 .00110520,0.00131990,0.00092046,-0.00010783,-0.01011168,-0.01751671,-0
 0.00125028,0.00166431,-0.00135451,0.00024849,-0.00100618,-0.00014809,0
 ,-0.06956150,-0.00054418,0.00494982,0.00815753,-0.00184414,0.00205295,
 84,0.20040599,0.00244374,0.00948353,0.01700696,-0.06686988,-0.03390986
 40304,0.00074362,-0.00015058,0.00040405,0.00031704,0.13713429,0.097965
 132279,0.00134369,0.00287122,-0.00241671,-0.00189491,0.00025002,-0.001
 0341716,-0.08566361,-0.00124501,0.00044955,-0.00259040,0.00004086,0.00
 10749555,0.74074195,0.01875645,-0.00032488,0.00913317,-0.03960867,-0.0
 0.00241098,0.00142263,0.00189741,0.00372237,-0.00259318,-0.00341981,0.
 ,0.00189012,0.00032935,-0.00128517,-0.00270026,0.00166904,0.00230607,-
 2,0.02200655,-0.08786392,-0.00336341,0.03282196,-0.00281853,0.00960207
 ,-0.00221382,-0.00003484,0.62501370,-0.01521303,-0.00398946,-0.0047815
 ,0.00088276,-0.00056519,-0.00008932,-0.00182072,-0.00133478,0.00029340
 4,0.00541399,0.00568775,0.00283498,-0.00161366,-0.00233851,-0.00057072
 34,0.00628908,0.00230410,-0.21087230,0.02013113,-0.04724312,-0.0085935
 170,0.00494018,-0.00803485,0.14593911,-0.06120553,0.18290377,-0.026737
 42725,0.00387296,0.00003063,0.00073668,-0.00203777,0.00154579,-0.00728
 12650,-0.00279554,0.01170771,-0.13965960,0.05578812,-0.17475627,-0.000
 497899,-0.06092465,0.07883342,-0.01336140,0.00308885,-0.01393819,0.013
 0058948,-0.00073532,0.00188219,0.00083668,-0.01494797,0.00979196,-0.01
 01209024,0.05316032,-0.07227163,0.05351748,0.00098107,-0.00234319,-0.0
 0.18158807,0.01214129,-0.00763489,0.01047373,0.01068152,-0.00790493,0.
 ,0.00025556,0.00197972,-0.00026052,-0.00783007,0.00476851,-0.00699229,
 7,-0.17401258,0.05591325,-0.13965523,0.00059340,-0.00334214,0.00096981
 34,0.01176922,-0.00283019,0.01327016,-0.01297055,0.00211874,-0.0138989
 8121,-0.00090283,0.00429083,-0.00060459,0.07790148,0.10907617,0.116146
 7063,-0.07603033,-0.10483187,-0.11229609,0.00101494,-0.00233774,0.0007
 65962,0.01248656,0.01715364,0.01166952,-0.00717709,-0.00804955,-0.0096
 0160088,0.00029607,0.00154504,-0.00183825,-0.00014781,0.10628156,0.216
 343016,-0.00566329,-0.09751528,-0.20011132,-0.10178667,-0.00090313,0.0
 90929,0.11268433,-0.00543508,-0.01324929,-0.00752636,-0.00740347,-0.01
 7589180,0.00096893,0.00204706,-0.00034976,0.00077703,-0.00259692,0.000
 00734097,0.01355067,0.01494860,0.01242136,-0.10869112,-0.09999886,-0.0
 .00129118,0.05134156,0.02552889,0.06247993,-0.00862977,-0.00770318,-0.
 .00126559,0.00880769,0.00445283,-0.00139058,-0.02323553,-0.01433768,-0
 0.11251477,-0.05463214,-0.02706968,-0.06282027,0.01600674,0.00992067,0
 9,-0.01296557,-0.00790918,0.00275896,0.00099497,0.00001104,0.13255325,
 07,-0.10577789,-0.02518148,0.01237929,0.00353181,0.00581756,-0.0241765
 42,0.00422497,-0.00497674,-0.00271007,-0.00005045,0.26725329,-0.123225
 95,-0.05157417,-0.01492905,-0.00901172,-0.00512716,0.00497582,0.003771
 55,-0.00529925,0.09332919,-0.01297237,0.32374908,-0.25325870,-0.124492
 29,-0.30352559,-0.00447987,0.00184190,-0.01498461,0.00081959,-0.000062
 0088,-0.00078237,0.02938354,0.00373187,0.04162131,-0.09021164,0.010603
 4876,-0.03880207,0.00865819,-0.00505117,-0.00348025,-0.01155405,0.0106
 6449,0.02212917,-0.00388323,-0.00081998,-0.00116055,0.07846172,-0.0057
 3172,0.43849503,-0.07820453,-0.00429756,-0.09416997,0.00607292,-0.0012
 8993,-0.09441056,-0.01521767,-0.02667369,-0.05235321,0.21990232,0.0101
 79745,-0.15933266,-0.06271908,0.00654184,0.61838335,-0.00068369,0.0568
 221878,-0.00081275,0.43846311,-0.06279488,-0.15851332,0.09361607,0.089
 027045,0.50341742,-0.04973688,-0.02382735,-0.01620117,-0.09657056,0.05
 .05978922,0.38473671,0.05962234,0.01036361,-0.13172789,0.05184833,0.17
 0.02962292,0.06705616,0.54223794,0.00953951,-0.01579344,-0.02650929,-0
 ,0.18120169,0.33884261,0.07327506,-0.05864863,0.60775291,-0.12132205,-
 42,1.8254149,0.8597246,47.3183097\PG=C01 [X(C5H8)]\NImag=0\\0.52232565
 4345,-0.0675141,-0.0013235,0.1355909\Polar=70.203603,4.4154488,57.1117
 2836,0.131882,-0.0873489,0.0116644,-0.056734,0.0522197,0.0487928,0.008
 0.0794113,-0.0220171,0.0267833,-0.0752182,-0.0134348,-0.0272801,-0.004
 669705,-0.1096692,-0.0181402,-0.0174677,0.0034621,0.1292615,0.0510518,
 53,0.0043542,-0.0028796,-0.2898742,-0.0308819,0.0663703,-0.0152371,0.0
 0548557,-0.1634605,-0.0883703,0.0884574,-0.1666622,-0.0097124,-0.00985
 86,-0.0332942,0.0576002,0.0286243,-0.0814019,-0.0456519,-0.0917746,-0.
 0.130122,0.0214693,0.1680328,-0.0033275,-0.2173674,-0.0452713,-0.01097
 -0.0731725,0.0636685,0.002412,0.4068331,0.0133814,0.0849606,0.0089689,
 0303779,-0.0105245,0.0544221,-0.0812696,0.0455636,0.0047789,0.0280676,
 84,-0.0529185,-0.016981,-0.0543259,-0.0124117,-0.0460354,-0.0404957,0.
 0.0326828,0.0241092,-0.0094458,-0.0019359,0.0323263,0.0416471,-0.07496
 .0000194,0.038574,-0.0785936,-0.104032,-0.1011501,0.011519,-0.0630726,
 951049,0.0336631,-0.0164586,-0.0586349,-0.0353641,0.051462,0.0206548,0
 366193,0.0095516,0.077024,-0.1450547,0.0288836,-0.0542355,0.012868,0.0
 71063,0.0672613,-0.077438,0.1343465,-0.0424698,0.1164872,0.0428506,0.0
 628,0.0340502,0.0699177,-0.0327517,-0.1683739,0.0592135,0.0475758,0.06
 DipoleDeriv=0.0338474,-0.0291563,0.0780411,-0.1201566,0.0302563,0.0810
 t=0.1143659\Thermal=0.1197496\Dipole=-0.1575255,-0.0649442,-0.0327548\
 S64L-G16RevA.03\HF=-195.3673156\RMSD=2.278e-09\RMSF=1.802e-05\ZeroPoin
 9\H,1.641201,1.442895,0.204964\H,2.951181,0.169955,0.454031\\Version=E
 84,-1.409329\C,1.926974,0.39809,0.188401\H,1.426201,-1.591257,-0.15726
 3,1.190903,-0.928217\C,1.071846,-0.562879,-0.143556\H,-0.64279,-0.9145
 H,-2.346251,-0.926178,0.380655\H,-0.624338,1.65966,0.320686\H,-1.85568
 0.500878\C,-1.129724,0.857306,-0.198853\H,-1.084741,-0.44053,1.603508\
 _initalOpt\\0,1\C,-1.422874,-0.397351,0.576714\C,-0.357019,-0.393644,-
 Geom=AllCheck Guess=TCheck SCRF=Check GenChk RB3LYP/def2TZVP Freq\\int
 1\1\GINC-BHC0021\Freq\RB3LYP\def2TZVP\C5H8\DHANAWAY\10-Jun-2022\0\\#N 
 ----------------------------------------------------------------------

   zz         0.713020D+02      0.105659D+02      0.117561D+02
   zy        -0.337950D+00     -0.500790D-01     -0.557204D-01
   zx        -0.294648D+01     -0.436624D+00     -0.485810D+00
   yy         0.544055D+02      0.806206D+01      0.897025D+01
   yx         0.325274D+01      0.482007D+00      0.536305D+00
   xx         0.489262D+02      0.725011D+01      0.806684D+01
   aniso      0.215922D+02      0.319964D+01      0.356008D+01
   iso        0.582112D+02      0.862601D+01      0.959773D+01
               (au)            (10**-24 esu)      (10**-40 SI)
 Alpha(0;0):
 (esu units = cm**3 , SI units = C**2 m**2 J**-1)
 Dipole polarizability, Alpha (dipole orientation).

   z          0.173508D+00      0.441012D+00      0.147106D+01
   y          0.000000D+00      0.000000D+00      0.000000D+00
   x          0.000000D+00      0.000000D+00      0.000000D+00
   Tot        0.173508D+00      0.441012D+00      0.147106D+01
                  (au)            (Debye)         (10**-30 SI)
 (Debye = 10**-18 statcoulomb cm , SI units = C m)
 Electric dipole moment (dipole orientation):

     1          0.83930129          1.63204572         -5.34540764
     1         -0.18009386         -1.37378261         -3.90946050
     1          1.95582743          3.31183728         -1.26523079
     6          0.57831383          0.51058165         -3.65482171
     1          2.53951564          0.18053669          2.25248772
     6          1.17144306          1.41579352         -1.38957024
     1         -0.12609871         -3.64423907          2.67249685
     1         -1.80850384         -2.87711402         -0.21717421
     1         -1.51230090          0.54576669          4.54468237
     1         -3.14165834          1.28260329          1.60060414
     6         -0.77657163         -2.18006867          1.40276503
     6          0.86510478          0.10906597          1.06964306
     6         -1.59928713          0.30168578          2.51648543
 Dipole orientation:

 ----------------------------------------------------------------------

   zz         0.473183D+02      0.701185D+01      0.780174D+01
   zy         0.859725D+00      0.127398D+00      0.141749D+00
   zx         0.182541D+01      0.270499D+00      0.300970D+00
   yy         0.571117D+02      0.846309D+01      0.941645D+01
   yx         0.441545D+01      0.654302D+00      0.728009D+00
   xx         0.702036D+02      0.104031D+02      0.115750D+02
   aniso      0.215922D+02      0.319964D+01      0.356008D+01
   iso        0.582112D+02      0.862601D+01      0.959773D+01
               (au)            (10**-24 esu)      (10**-40 SI)
 Alpha(0;0):
 (esu units = cm**3 , SI units = C**2 m**2 J**-1)
 Dipole polarizability, Alpha (input orientation).

   z         -0.327548D-01     -0.832545D-01     -0.277707D+00
   y         -0.649442D-01     -0.165072D+00     -0.550620D+00
   x         -0.157525D+00     -0.400390D+00     -0.133556D+01
   Tot        0.173508D+00      0.441012D+00      0.147106D+01
                  (au)            (Debye)         (10**-30 SI)
 (Debye = 10**-18 statcoulomb cm , SI units = C m)
 Electric dipole moment (input orientation):

 ----------------------------------------------------------------------


 GradGradGradGradGradGradGradGradGradGradGradGradGradGradGradGradGradGrad
 --------------------------------------------------------------------------------
 ! D22   D(11,8,10,13)          -0.8486         -DE/DX =    0.0                 !
 ! D21   D(11,8,10,12)         178.9596         -DE/DX =    0.0                 !
 ! D20   D(2,8,10,13)          178.7278         -DE/DX =    0.0                 !
 ! D19   D(2,8,10,12)           -1.4641         -DE/DX =    0.0                 !
 ! D18   D(9,2,8,11)           -48.9593         -DE/DX =    0.0                 !
 ! D17   D(9,2,8,10)           131.4507         -DE/DX =    0.0                 !
 ! D16   D(3,2,8,11)           163.3657         -DE/DX =    0.0                 !
 ! D15   D(3,2,8,10)           -16.2243         -DE/DX =    0.0                 !
 ! D14   D(1,2,8,11)            91.7376         -DE/DX =    0.0                 !
 ! D13   D(1,2,8,10)           -87.8524         -DE/DX =    0.0                 !
 ! D12   D(9,2,3,7)             -4.347          -DE/DX =    0.0                 !
 ! D11   D(9,2,3,6)           -148.4063         -DE/DX =    0.0                 !
 ! D10   D(8,2,3,7)            142.7329         -DE/DX =    0.0                 !
 ! D9    D(8,2,3,6)             -1.3263         -DE/DX =    0.0                 !
 ! D8    D(5,1,3,7)              0.1047         -DE/DX =    0.0                 !
 ! D7    D(5,1,3,6)            143.668          -DE/DX =    0.0                 !
 ! D6    D(4,1,3,7)           -145.4173         -DE/DX =    0.0                 !
 ! D5    D(4,1,3,6)             -1.8539         -DE/DX =    0.0                 !
 ! D4    D(5,1,2,9)              1.7925         -DE/DX =    0.0                 !
 ! D3    D(5,1,2,8)           -138.7212         -DE/DX =    0.0                 !
 ! D2    D(4,1,2,9)            145.7051         -DE/DX =    0.0                 !
 ! D1    D(4,1,2,8)              5.1915         -DE/DX =    0.0                 !
 ! A21   A(12,10,13)           116.6882         -DE/DX =    0.0                 !
 ! A20   A(8,10,13)            121.1938         -DE/DX =    0.0                 !
 ! A19   A(8,10,12)            122.1177         -DE/DX =    0.0                 !
 ! A18   A(10,8,11)            118.5095         -DE/DX =    0.0                 !
 ! A17   A(2,8,11)             114.7609         -DE/DX =    0.0                 !
 ! A16   A(2,8,10)             126.7284         -DE/DX =    0.0                 !
 ! A15   A(6,3,7)              114.1289         -DE/DX =    0.0                 !
 ! A14   A(2,3,7)              117.8258         -DE/DX =    0.0                 !
 ! A13   A(2,3,6)              118.326          -DE/DX =    0.0                 !
 ! A12   A(1,3,7)              118.3051         -DE/DX =    0.0                 !
 ! A11   A(1,3,6)              117.5424         -DE/DX =    0.0                 !
 ! A10   A(8,2,9)              113.6188         -DE/DX =    0.0                 !
 ! A9    A(3,2,9)              115.6462         -DE/DX =    0.0                 !
 ! A8    A(3,2,8)              122.8723         -DE/DX =    0.0                 !
 ! A7    A(1,2,9)              114.123          -DE/DX =    0.0                 !
 ! A6    A(1,2,8)              120.4057         -DE/DX =    0.0                 !
 ! A5    A(4,1,5)              114.7831         -DE/DX =    0.0                 !
 ! A4    A(3,1,5)              118.7288         -DE/DX =    0.0                 !
 ! A3    A(3,1,4)              117.5048         -DE/DX =    0.0                 !
 ! A2    A(2,1,5)              118.1965         -DE/DX =    0.0                 !
 ! A1    A(2,1,4)              117.0694         -DE/DX =    0.0                 !
 ! R13   R(10,13)                1.0824         -DE/DX =    0.0                 !
 ! R12   R(10,12)                1.0833         -DE/DX =    0.0                 !
 ! R11   R(8,11)                 1.0878         -DE/DX =    0.0                 !
 ! R10   R(8,10)                 1.3285         -DE/DX =    0.0                 !
 ! R9    R(3,7)                  1.0818         -DE/DX =    0.0                 !
 ! R8    R(3,6)                  1.0813         -DE/DX =    0.0                 !
 ! R7    R(2,9)                  1.0855         -DE/DX =    0.0                 !
 ! R6    R(2,8)                  1.4826         -DE/DX =    0.0                 !
 ! R5    R(2,3)                  1.5011         -DE/DX =    0.0                 !
 ! R4    R(1,5)                  1.082          -DE/DX =    0.0                 !
 ! R3    R(1,4)                  1.0819         -DE/DX =    0.0                 !
 ! R2    R(1,3)                  1.5039         -DE/DX =    0.0                 !
 ! R1    R(1,2)                  1.5157         -DE/DX =    0.0                 !
 --------------------------------------------------------------------------------
 ! Name  Definition              Value          Derivative Info.                !
 --------------------------                            --------------------------
                           ! (Angstroms and Degrees)  !
                           !   Optimized Parameters   !
                           ----------------------------
    -- Stationary point found.
 Optimization completed.
 Predicted change in Energy=-2.905404D-08
 RMS     Displacement     0.000331     0.001200     YES
 Maximum Displacement     0.000952     0.001800     YES
 RMS     Force            0.000008     0.000300     YES
 Maximum Force            0.000024     0.000450     YES
         Item               Value     Threshold  Converged?
   D22       -0.01481  -0.00000   0.00000  -0.00012  -0.00012  -0.01494
   D21        3.12343  -0.00000   0.00000  -0.00005  -0.00005   3.12338
   D20        3.11939  -0.00001   0.00000  -0.00028  -0.00028   3.11910
   D19       -0.02555  -0.00000   0.00000  -0.00021  -0.00021  -0.02577
   D18       -0.85450   0.00000   0.00000   0.00042   0.00042  -0.85408
   D17        2.29425   0.00000   0.00000   0.00058   0.00058   2.29482
   D16        2.85127  -0.00001   0.00000   0.00009   0.00009   2.85136
   D15       -0.28317  -0.00001   0.00000   0.00024   0.00024  -0.28292
   D14        1.60112   0.00001   0.00000   0.00042   0.00042   1.60154
   D13       -1.53331   0.00001   0.00000   0.00057   0.00057  -1.53274
   D12       -0.07587  -0.00001   0.00000  -0.00027  -0.00027  -0.07614
   D11       -2.59018  -0.00001   0.00000  -0.00004  -0.00004  -2.59022
   D10        2.49116   0.00001   0.00000   0.00023   0.00023   2.49139
    D9       -0.02315   0.00002   0.00000   0.00046   0.00046  -0.02269
    D8        0.00183  -0.00000   0.00000  -0.00016  -0.00016   0.00167
    D7        2.50748  -0.00001   0.00000  -0.00017  -0.00017   2.50731
    D6       -2.53801   0.00000   0.00000  -0.00015  -0.00015  -2.53816
    D5       -0.03236  -0.00000   0.00000  -0.00016  -0.00016  -0.03252
    D4        0.03128   0.00001   0.00000   0.00023   0.00023   0.03152
    D3       -2.42114  -0.00001   0.00000   0.00003   0.00003  -2.42112
    D2        2.54303   0.00001   0.00000   0.00001   0.00001   2.54305
    D1        0.09061  -0.00001   0.00000  -0.00019  -0.00019   0.09041
   A21        2.03659  -0.00001   0.00000  -0.00008  -0.00008   2.03651
   A20        2.11523   0.00001   0.00000   0.00005   0.00005   2.11528
   A19        2.13136   0.00000   0.00000   0.00003   0.00003   2.13139
   A18        2.06838   0.00000   0.00000  -0.00001  -0.00001   2.06837
   A17        2.00295   0.00000   0.00000   0.00001   0.00001   2.00296
   A16        2.21183  -0.00000   0.00000   0.00000   0.00000   2.21183
   A15        1.99193  -0.00000   0.00000  -0.00012  -0.00012   1.99180
   A14        2.05645   0.00000   0.00000  -0.00005  -0.00005   2.05640
   A13        2.06518  -0.00000   0.00000   0.00006   0.00006   2.06524
   A12        2.06481   0.00000   0.00000   0.00005   0.00005   2.06487
   A11        2.05150  -0.00000   0.00000   0.00009   0.00009   2.05159
   A10        1.98302   0.00002   0.00000   0.00043   0.00043   1.98345
    A9        2.01841  -0.00001   0.00000  -0.00013  -0.00013   2.01828
    A8        2.14453  -0.00001   0.00000  -0.00011  -0.00011   2.14441
    A7        1.99182  -0.00001   0.00000  -0.00015  -0.00015   1.99168
    A6        2.10148  -0.00001   0.00000  -0.00026  -0.00026   2.10122
    A5        2.00334  -0.00001   0.00000  -0.00014  -0.00014   2.00320
    A4        2.07221   0.00000   0.00000   0.00012   0.00012   2.07233
    A3        2.05085   0.00000   0.00000   0.00005   0.00005   2.05089
    A2        2.06292   0.00001   0.00000   0.00011   0.00011   2.06303
    A1        2.04325  -0.00000   0.00000  -0.00007  -0.00007   2.04317
   R13        2.04545  -0.00000   0.00000  -0.00001  -0.00001   2.04544
   R12        2.04716  -0.00001   0.00000  -0.00002  -0.00002   2.04713
   R11        2.05565  -0.00001   0.00000  -0.00003  -0.00003   2.05563
   R10        2.51049   0.00001   0.00000   0.00001   0.00001   2.51051
    R9        2.04429  -0.00001   0.00000  -0.00001  -0.00001   2.04428
    R8        2.04327  -0.00001   0.00000  -0.00002  -0.00002   2.04325
    R7        2.05131  -0.00002   0.00000  -0.00007  -0.00007   2.05124
    R6        2.80163   0.00000   0.00000  -0.00002  -0.00002   2.80160
    R5        2.83658   0.00001   0.00000   0.00010   0.00010   2.83668
    R4        2.04468  -0.00000   0.00000  -0.00000  -0.00000   2.04468
    R3        2.04449  -0.00000   0.00000  -0.00001  -0.00001   2.04448
    R2        2.84189  -0.00002   0.00000  -0.00019  -0.00019   2.84170
    R1        2.86421   0.00001   0.00000   0.00015   0.00015   2.86436
                                 (Linear)    (Quad)   (Total)
 Variable       Old X    -DE/DX   Delta X   Delta X   Delta X     New X
 Iteration  2 RMS(Cart)=  0.00000007 RMS(Int)=  0.00000001
 Iteration  1 RMS(Cart)=  0.00033073 RMS(Int)=  0.00000005
 Linear search not attempted -- first point.
 Angle between quadratic step and forces=  50.74 degrees.
     Eigenvalues ---    0.35970   0.36254   0.62262
     Eigenvalues ---    0.34906   0.35295   0.35484   0.35764   0.35830
     Eigenvalues ---    0.22992   0.24794   0.26672   0.32990   0.34539
     Eigenvalues ---    0.11404   0.13280   0.15454   0.17118   0.18053
     Eigenvalues ---    0.05834   0.06036   0.06888   0.08488   0.10487
     Eigenvalues ---    0.02831   0.03206   0.03300   0.03401   0.03939
     Eigenvalues ---    0.00169   0.01603   0.01776   0.01926   0.02395
 ITU=  0
 Second derivative matrix not updated -- analytic derivatives used.
 All quantities printed in internal units (Hartrees-Bohrs-Radians)
 Step number   1 out of a maximum of    2
 Search for a local minimum.
 Internal  Forces:  Max     0.000024162 RMS     0.000008212
 Berny optimization.
 GradGradGradGradGradGradGradGradGradGradGradGradGradGradGradGradGradGrad

 FormGI is forming the generalized inverse of G from B-inverse, IUseBI=4.
 Cartesian Forces:  Max     0.000062138 RMS     0.000018021
 -------------------------------------------------------------------
     13        1          -0.000002617    0.000008170    0.000005494
     12        1           0.000007308   -0.000006287   -0.000001343
     11        1          -0.000003167    0.000007967   -0.000000065
     10        6           0.000000903    0.000002352   -0.000000488
      9        1          -0.000025192    0.000014401    0.000019158
      8        6          -0.000004865    0.000000115    0.000019795
      7        1           0.000008235    0.000003734    0.000003108
      6        1          -0.000008788   -0.000001084   -0.000009200
      5        1           0.000001249    0.000000721    0.000015382
      4        1          -0.000005853   -0.000004751   -0.000003390
      3        6          -0.000012153   -0.000017540    0.000026856
      2        6           0.000049152   -0.000039440   -0.000062138
      1        6          -0.000004212    0.000031641   -0.000013170
 -------------------------------------------------------------------
 Number     Number              X              Y              Z
 Center     Atomic                   Forces (Hartrees/Bohr)
 -------------------------------------------------------------------
 ***** Axes restored to original set *****
 Rotational      0.730082D+05          4.863372         11.198327
 Translational   0.220707D+08          7.343817         16.909763
 Electronic      0.100000D+01          0.000000          0.000000
 Vib (V=0)    4  0.108182D+01          0.034155          0.078644
 Vib (V=0)    3  0.129213D+01          0.111307          0.256295
 Vib (V=0)    2  0.138005D+01          0.139894          0.322117
 Vib (V=0)    1  0.274958D+01          0.439267          1.011449
 Vib (V=0)       0.636471D+01          0.803779          1.850769
 Vib (Bot)    4  0.297512D+00         -0.526495         -1.212299
 Vib (Bot)    3  0.614391D+00         -0.211555         -0.487124
 Vib (Bot)    2  0.724211D+00         -0.140135         -0.322673
 Vib (Bot)    1  0.219331D+01          0.341100          0.785412
 Vib (Bot)       0.158191D-51        -51.800819       -119.275794
 Total V=0       0.102557D+14         13.010967         29.958859
 Total Bot       0.254900D-39        -39.593631        -91.167704
                       Q            Log10(Q)             Ln(Q)
 Vibration     4          0.890              1.173              0.576
 Vibration     3          0.698              1.658              1.372
 Vibration     2          0.672              1.733              1.614
 Vibration     1          0.603              1.954              3.582
 Vibrational             73.367             13.399              9.047
 Rotational               0.889              2.981             25.234
 Translational            0.889              2.981             38.571
 Electronic               0.000              0.000              0.000
 Total                   75.144             19.361             72.853
                      KCal/Mol        Cal/Mol-Kelvin    Cal/Mol-Kelvin
                     E (Thermal)             CV                S
 
 Sum of electronic and thermal Free Energies=         -195.281236
 Sum of electronic and thermal Enthalpies=            -195.246622
 Sum of electronic and thermal Energies=              -195.247566
 Sum of electronic and zero-point Energies=           -195.252950
 Thermal correction to Gibbs Free Energy=         0.086079
 Thermal correction to Enthalpy=                  0.120694
 Thermal correction to Energy=                    0.119750
 Zero-point correction=                           0.114366 (Hartree/Particle)
 
                             4613.52  4631.93  4635.47
                             4482.42  4497.22  4503.33  4513.92  4522.34
                             2018.34  2099.20  2119.33  2170.93  2449.23
                             1614.54  1631.20  1727.63  1765.23  1920.99
                             1364.71  1476.36  1513.28  1557.47  1577.83
          (Kelvin)           1090.01  1170.66  1203.64  1307.93  1361.47
 Vibrational temperatures:    134.79   384.49   443.30   769.79   955.26
           vibrations may cause significant error
 Warning -- explicit consideration of   4 degrees of freedom as
                                   71.76566 (Kcal/Mol)
 Zero-point vibrational energy     300267.5 (Joules/Mol)
 Rotational constants (GHZ):          11.70530     3.65775     3.30063
 Rotational temperatures (Kelvin)      0.56177     0.17554     0.15841
 Rotational symmetry number  1.
 This molecule is an asymmetric top.
           Z           -0.01121  -0.01936   0.99975
           Y           -0.00611   0.99980   0.01929
           X            0.99992   0.00589   0.01133
     Eigenvalues --   154.18155 493.40257 546.78714
                           1         2         3
 Principal axes and moments of inertia in atomic units:
 Molecular mass:    68.06260 amu.
 Atom    13 has atomic number  1 and mass   1.00783
 Atom    12 has atomic number  1 and mass   1.00783
 Atom    11 has atomic number  1 and mass   1.00783
 Atom    10 has atomic number  6 and mass  12.00000
 Atom     9 has atomic number  1 and mass   1.00783
 Atom     8 has atomic number  6 and mass  12.00000
 Atom     7 has atomic number  1 and mass   1.00783
 Atom     6 has atomic number  1 and mass   1.00783
 Atom     5 has atomic number  1 and mass   1.00783
 Atom     4 has atomic number  1 and mass   1.00783
 Atom     3 has atomic number  6 and mass  12.00000
 Atom     2 has atomic number  6 and mass  12.00000
 Atom     1 has atomic number  6 and mass  12.00000
 Temperature   298.150 Kelvin.  Pressure   1.00000 Atm.
 -------------------
 - Thermochemistry -
 -------------------

    13   1    -0.06   0.01  -0.02     0.61  -0.13   0.16    -0.36   0.08  -0.09
    12   1    -0.01   0.03   0.00     0.14  -0.53  -0.01    -0.09   0.34   0.01
    11   1    -0.00   0.01   0.00     0.03  -0.09  -0.00    -0.02   0.05   0.00
    10   6     0.01  -0.00   0.00    -0.06   0.05  -0.01     0.04  -0.03   0.01
     9   1     0.00   0.00   0.01     0.01   0.02   0.03     0.02   0.03   0.06
     8   6     0.00  -0.00  -0.00    -0.00   0.01   0.00     0.00  -0.01  -0.00
     7   1    -0.29   0.13  -0.29     0.16  -0.08   0.16     0.29  -0.14   0.30
     6   1    -0.23  -0.37  -0.24     0.12   0.18   0.12     0.23   0.36   0.23
     5   1     0.44   0.25   0.09     0.23   0.13   0.05     0.31   0.18   0.07
     4   1     0.17  -0.02   0.51     0.09  -0.01   0.27     0.12  -0.02   0.36
     3   6     0.04   0.02   0.05    -0.02  -0.01  -0.02    -0.04  -0.02  -0.04
     2   6    -0.00  -0.00  -0.00    -0.00  -0.00  -0.00    -0.00  -0.00  -0.00
     1   6    -0.05  -0.02  -0.05    -0.03  -0.01  -0.03    -0.04  -0.01  -0.04
  Atom  AN      X      Y      Z        X      Y      Z        X      Y      Z
 IR Inten    --      0.3335                21.4893                10.1489
 Frc consts  --      6.7792                 6.8134                 6.8237
 Red. masses --      1.1191                 1.1158                 1.1157
 Frequencies --   3206.5570              3219.3494              3221.8140
                      A                      A                      A
                     31                     32                     33
    13   1    -0.02   0.01  -0.01     0.22  -0.06   0.06     0.54  -0.13   0.14
    12   1     0.00  -0.00   0.00    -0.08   0.28   0.00    -0.19   0.66   0.01
    11   1     0.04  -0.12  -0.00    -0.00  -0.01  -0.00     0.07  -0.19  -0.00
    10   6     0.00  -0.00   0.00    -0.01  -0.02  -0.01    -0.04  -0.05  -0.01
     9   1    -0.07  -0.11  -0.20     0.03   0.04   0.08    -0.04  -0.07  -0.12
     8   6    -0.00   0.01   0.00     0.00   0.00   0.00    -0.00   0.02   0.00
     7   1     0.15  -0.07   0.15     0.44  -0.18   0.44    -0.18   0.08  -0.18
     6   1    -0.09  -0.14  -0.09    -0.29  -0.44  -0.30     0.11   0.16   0.11
     5   1    -0.56  -0.32  -0.13     0.15   0.08   0.04    -0.03  -0.01  -0.01
     4   1     0.21  -0.02   0.60    -0.06   0.00  -0.17     0.02  -0.00   0.05
     3   6    -0.01   0.01  -0.01    -0.01   0.06  -0.01     0.01  -0.02   0.01
     2   6     0.00   0.01   0.02     0.00  -0.01  -0.01     0.00   0.01   0.01
     1   6     0.03   0.03  -0.04    -0.01  -0.01   0.01     0.00   0.00  -0.00
  Atom  AN      X      Y      Z        X      Y      Z        X      Y      Z
 IR Inten    --     23.0230                 8.0075                 4.3661
 Frc consts  --      6.0874                 6.1339                 6.1922
 Red. masses --      1.0546                 1.0577                 1.0638
 Frequencies --   3129.9715              3137.3338              3143.1817
                      A                      A                      A
                     28                     29                     30
    13   1    -0.16   0.42  -0.00     0.13  -0.03   0.03     0.17  -0.04   0.04
    12   1     0.50  -0.10   0.12    -0.01   0.03  -0.00    -0.03   0.11   0.00
    11   1    -0.39   0.05  -0.12    -0.26   0.78   0.01    -0.16   0.47   0.01
    10   6    -0.25  -0.26  -0.09    -0.01   0.00  -0.00    -0.01  -0.01  -0.00
     9   1    -0.16   0.01  -0.01    -0.15  -0.26  -0.46     0.21   0.37   0.64
     8   6     0.32   0.25   0.12     0.02  -0.07  -0.00     0.01  -0.04  -0.00
     7   1     0.03  -0.04  -0.03     0.02  -0.01   0.02    -0.06   0.02  -0.06
     6   1    -0.03   0.02   0.03     0.01   0.01   0.01     0.01   0.02   0.01
     5   1     0.01  -0.00  -0.05     0.03   0.02   0.01    -0.22  -0.13  -0.05
     4   1     0.04   0.02  -0.01     0.00  -0.00   0.00     0.06  -0.00   0.17
     3   6     0.01   0.00   0.01    -0.00  -0.00  -0.00     0.00  -0.00   0.00
     2   6    -0.06  -0.02  -0.03     0.01   0.02   0.04    -0.02  -0.03  -0.05
     1   6    -0.01   0.00   0.00    -0.00  -0.00  -0.00     0.01   0.01  -0.01
  Atom  AN      X      Y      Z        X      Y      Z        X      Y      Z
 IR Inten    --     23.8439                10.6727                22.8236
 Frc consts  --      7.7375                 6.2040                 6.2226
 Red. masses --      4.5318                 1.0849                 1.0810
 Frequencies --   1702.3023              3115.4387              3125.7265
                      A                      A                      A
                     25                     26                     27
    13   1     0.14   0.69   0.10    -0.03  -0.13  -0.02     0.00   0.04   0.02
    12   1     0.54   0.12   0.16    -0.11  -0.03  -0.03     0.06   0.01   0.00
    11   1     0.23   0.08   0.07    -0.03  -0.01  -0.01     0.07   0.01   0.01
    10   6    -0.01  -0.05  -0.01    -0.00   0.00   0.00    -0.01  -0.01  -0.00
     9   1    -0.07   0.05   0.02     0.01  -0.03   0.01     0.14  -0.06   0.01
     8   6    -0.11  -0.03  -0.03     0.02   0.01   0.01     0.01  -0.01  -0.00
     7   1    -0.07  -0.05   0.00    -0.11  -0.46  -0.12     0.15   0.44   0.14
     6   1     0.07  -0.07   0.05     0.25  -0.30   0.26    -0.31   0.30  -0.26
     5   1    -0.04  -0.00   0.14    -0.00  -0.13   0.48     0.02  -0.10   0.45
     4   1    -0.08  -0.09   0.02    -0.40  -0.28   0.10    -0.40  -0.25   0.08
     3   6    -0.01   0.03  -0.02    -0.00   0.05  -0.01     0.03  -0.11   0.02
     2   6     0.08  -0.01   0.01    -0.01   0.01  -0.01    -0.07   0.04   0.02
     1   6    -0.00  -0.00  -0.00     0.03   0.04  -0.04     0.06   0.05  -0.07
  Atom  AN      X      Y      Z        X      Y      Z        X      Y      Z
 IR Inten    --      3.9119                 3.8378                 2.1999
 Frc consts  --      1.5945                 1.3997                 1.7979
 Red. masses --      1.2713                 1.0949                 1.3403
 Frequencies --   1459.0157              1473.0100              1508.8713
                      A                      A                      A
                     22                     23                     24
    13   1     0.02   0.03  -0.01    -0.00  -0.06   0.00     0.02   0.14   0.05
    12   1    -0.17  -0.09  -0.03    -0.38  -0.22  -0.13     0.19   0.06   0.04
    11   1    -0.04   0.05   0.03     0.75   0.36   0.23     0.25   0.02   0.08
    10   6     0.00  -0.04  -0.00     0.00  -0.11  -0.01    -0.01  -0.00  -0.00
     9   1     0.63  -0.24  -0.24    -0.08   0.02   0.05     0.69  -0.30  -0.06
     8   6    -0.04   0.06  -0.01    -0.03   0.09   0.00     0.02  -0.05  -0.02
     7   1     0.12   0.17  -0.13    -0.03   0.00   0.03     0.06  -0.28  -0.11
     6   1    -0.21   0.29   0.03     0.04  -0.03  -0.02     0.01  -0.12   0.17
     5   1     0.03  -0.18   0.09    -0.02   0.03  -0.01     0.11  -0.00  -0.27
     4   1    -0.29  -0.03   0.22     0.05   0.02  -0.03     0.09   0.16  -0.02
     3   6    -0.00   0.15   0.01     0.00  -0.01  -0.01     0.03  -0.02   0.02
     2   6     0.07  -0.12  -0.11     0.00   0.03   0.01    -0.18   0.08   0.00
     1   6    -0.04  -0.05   0.13    -0.00  -0.01  -0.01     0.03   0.02   0.01
  Atom  AN      X      Y      Z        X      Y      Z        X      Y      Z
 IR Inten    --      2.0638                 0.1947                 0.3317
 Frc consts  --      1.6777                 1.3263                 1.7775
 Red. masses --      1.8917                 1.2628                 1.5331
 Frequencies --   1226.8961              1335.1519              1402.8183
                      A                      A                      A
                     19                     20                     21
    13   1    -0.12  -0.21   0.00     0.02   0.07   0.04     0.01   0.03   0.00
    12   1     0.06   0.02   0.00    -0.08  -0.04  -0.05     0.01   0.00   0.01
    11   1    -0.07  -0.03   0.09    -0.10  -0.00  -0.01    -0.03  -0.01   0.01
    10   6    -0.07  -0.01  -0.01     0.01  -0.02   0.00     0.00   0.00   0.00
     9   1     0.54  -0.19   0.10     0.30   0.56  -0.38    -0.04  -0.27   0.17
     8   6     0.02   0.00  -0.06    -0.02   0.03  -0.02    -0.00   0.00  -0.01
     7   1    -0.10   0.26   0.12    -0.27   0.01   0.28    -0.23  -0.30   0.25
     6   1     0.29  -0.16  -0.11     0.21  -0.10  -0.13     0.13   0.30  -0.35
     5   1    -0.24   0.18   0.28     0.24  -0.30  -0.11     0.04  -0.39   0.24
     4   1     0.33  -0.18  -0.16    -0.07   0.12   0.02     0.05   0.46  -0.12
     3   6    -0.06   0.00  -0.03     0.00  -0.04  -0.02     0.08   0.04   0.09
     2   6     0.11   0.05   0.10    -0.01  -0.07   0.07     0.01   0.02  -0.01
     1   6    -0.05  -0.02  -0.03    -0.00   0.07  -0.01    -0.09  -0.05  -0.09
  Atom  AN      X      Y      Z        X      Y      Z        X      Y      Z
 IR Inten    --      1.0722                 0.4249                 1.9879
 Frc consts  --      1.0932                 0.9173                 1.1804
 Red. masses --      1.4735                 1.2112                 1.3896
 Frequencies --   1122.1629              1133.7411              1200.7600
                      A                      A                      A
                     16                     17                     18
    13   1    -0.01   0.04   0.15     0.03   0.08   0.00    -0.17  -0.40  -0.06
    12   1    -0.04  -0.02  -0.16    -0.06  -0.03  -0.01     0.40   0.18   0.07
    11   1    -0.06   0.01  -0.28    -0.07  -0.01  -0.00     0.49   0.04  -0.05
    10   6     0.01  -0.01  -0.00     0.01  -0.01   0.00    -0.08   0.06  -0.02
     9   1     0.11   0.03  -0.02     0.05   0.12  -0.09    -0.09   0.25  -0.14
     8   6    -0.02   0.02   0.02    -0.01   0.01  -0.00     0.08  -0.10   0.05
     7   1    -0.28   0.01   0.27     0.37  -0.01  -0.36    -0.13   0.15   0.10
     6   1    -0.18  -0.05   0.24     0.47  -0.04  -0.43     0.17   0.03  -0.18
     5   1    -0.29   0.46   0.11    -0.10   0.24   0.00     0.02  -0.11  -0.01
     4   1    -0.25   0.45   0.10    -0.26   0.34   0.09    -0.25   0.12   0.16
     3   6     0.04   0.00  -0.05    -0.11  -0.02   0.10    -0.02   0.05  -0.05
     2   6    -0.01   0.00   0.03     0.00   0.01  -0.01    -0.00   0.04  -0.05
     1   6     0.06  -0.09  -0.03     0.07  -0.05  -0.03    -0.02  -0.07   0.07
  Atom  AN      X      Y      Z        X      Y      Z        X      Y      Z
 IR Inten    --      6.3025                 2.9817                 9.0704
 Frc consts  --      0.7894                 0.9332                 1.0968
 Red. masses --      1.2112                 1.3516                 1.5479
 Frequencies --   1051.7845              1082.4973              1096.6451
                      A                      A                      A
                     13                     14                     15
    13   1    -0.15   0.00   0.61    -0.22  -0.48  -0.04     0.08  -0.02  -0.36
    12   1    -0.23  -0.08   0.71     0.26   0.10   0.16    -0.06  -0.02   0.40
    11   1    -0.04  -0.02   0.03     0.13   0.10  -0.07    -0.13  -0.07   0.73
    10   6     0.05   0.01  -0.16    -0.10   0.01  -0.06    -0.02   0.00   0.02
     9   1     0.01  -0.02   0.01     0.17  -0.13  -0.02    -0.06   0.07  -0.03
     8   6    -0.01  -0.01   0.05    -0.08   0.02   0.02     0.03   0.00  -0.08
     7   1    -0.02   0.05   0.03     0.00  -0.26   0.06    -0.10  -0.01   0.10
     6   1     0.06  -0.03  -0.02    -0.32  -0.04   0.27    -0.09  -0.00   0.08
     5   1     0.01  -0.02   0.01     0.10   0.12  -0.17    -0.07   0.13  -0.00
     4   1    -0.00  -0.01   0.01    -0.15   0.30   0.01    -0.16   0.18   0.07
     3   6     0.00  -0.00  -0.01    -0.03  -0.13   0.14     0.01  -0.01  -0.01
     2   6    -0.01   0.02  -0.01     0.18  -0.05  -0.07    -0.00   0.00  -0.01
     1   6    -0.00  -0.01   0.01     0.03   0.18  -0.06     0.02  -0.02   0.00
  Atom  AN      X      Y      Z        X      Y      Z        X      Y      Z
 IR Inten    --     40.4814                14.5608                17.3113
 Frc consts  --      0.7119                 1.3238                 0.6890
 Red. masses --      1.3495                 2.4974                 1.1107
 Frequencies --    946.2666               948.5215              1026.1246
                      A                      A                      A
                     10                     11                     12
    13   1     0.09   0.09  -0.12    -0.04  -0.06   0.10     0.14   0.30  -0.23
    12   1    -0.02  -0.00   0.06     0.06   0.03  -0.02    -0.27  -0.10  -0.07
    11   1     0.11   0.00  -0.00    -0.01   0.02   0.02    -0.26  -0.09  -0.14
    10   6     0.04   0.01   0.01     0.00   0.01  -0.01     0.01  -0.03   0.02
     9   1    -0.02   0.01  -0.11     0.09   0.48  -0.29     0.06  -0.22   0.10
     8   6     0.04  -0.02   0.05    -0.01   0.02  -0.03    -0.02  -0.01   0.05
     7   1     0.16   0.41  -0.02     0.28  -0.34  -0.30    -0.10   0.16   0.24
     6   1     0.02  -0.29   0.38    -0.21   0.11  -0.01     0.30  -0.34  -0.05
     5   1     0.00  -0.20   0.43    -0.26   0.11   0.39     0.06  -0.13  -0.12
     4   1     0.29   0.42  -0.13     0.22   0.04  -0.04    -0.27   0.09   0.20
     3   6    -0.06  -0.00   0.01     0.10  -0.08  -0.00     0.03  -0.17  -0.05
     2   6    -0.03  -0.05  -0.07     0.01   0.05  -0.02     0.09   0.22  -0.16
     1   6    -0.03   0.03  -0.04    -0.11  -0.03   0.06    -0.09   0.03   0.14
  Atom  AN      X      Y      Z        X      Y      Z        X      Y      Z
 IR Inten    --      0.5477                 8.8770                 6.2390
 Frc consts  --      0.4877                 0.5855                 1.2862
 Red. masses --      1.2503                 1.4199                 2.6417
 Frequencies --    813.6508               836.5727               909.0550
                      A                      A                      A
                      7                      8                      9
    13   1     0.01  -0.36   0.05    -0.14   0.04   0.71     0.13   0.22  -0.05
    12   1     0.51   0.15   0.08     0.06   0.02  -0.40    -0.11  -0.03   0.02
    11   1    -0.04   0.19   0.10     0.03  -0.05   0.26     0.18  -0.04  -0.01
    10   6     0.10   0.04   0.03     0.03   0.01   0.03     0.07   0.02   0.01
     9   1    -0.06  -0.25  -0.01    -0.18  -0.08   0.09     0.08   0.02  -0.19
     8   6    -0.08   0.19  -0.00     0.11  -0.02  -0.17     0.10  -0.06   0.05
     7   1    -0.01   0.14   0.18     0.02   0.10   0.03    -0.37  -0.20   0.27
     6   1     0.42  -0.22  -0.12    -0.02  -0.09   0.13     0.00   0.16  -0.26
     5   1    -0.14   0.15   0.00    -0.00  -0.05  -0.06    -0.30   0.49   0.04
     4   1    -0.02  -0.15   0.02    -0.24   0.15   0.10     0.10  -0.31  -0.07
     3   6     0.08  -0.07  -0.01    -0.04  -0.02   0.03    -0.08  -0.00   0.07
     2   6    -0.11  -0.11  -0.07     0.02  -0.02  -0.01    -0.02  -0.07  -0.11
     1   6    -0.04  -0.02   0.03    -0.08   0.05   0.04    -0.05   0.09  -0.01
  Atom  AN      X      Y      Z        X      Y      Z        X      Y      Z
 IR Inten    --      0.1995                14.2781                 1.6593
 Frc consts  --      0.3504                 0.4247                 0.5682
 Red. masses --      2.0776                 1.6350                 1.6802
 Frequencies --    535.0306               663.9414               757.5958
                      A                      A                      A
                      4                      5                      6
    13   1    -0.05  -0.03   0.08    -0.19   0.35   0.06    -0.16  -0.08   0.39
    12   1    -0.15  -0.06   0.53    -0.44   0.05  -0.11     0.06   0.01  -0.36
    11   1     0.11   0.05  -0.50     0.12  -0.02   0.05    -0.23  -0.07   0.45
    10   6    -0.07  -0.03   0.16    -0.22   0.11  -0.02    -0.06  -0.03   0.03
     9   1    -0.12  -0.15   0.06    -0.06  -0.04  -0.06    -0.03   0.07  -0.14
     8   6     0.01   0.01  -0.16    -0.02  -0.07  -0.01    -0.08  -0.01   0.05
     7   1    -0.10  -0.13  -0.05     0.28   0.23   0.13    -0.19  -0.05   0.14
     6   1     0.02   0.06  -0.25     0.44  -0.14   0.10    -0.01   0.06  -0.09
     5   1     0.08   0.04   0.28    -0.10   0.23  -0.05     0.15  -0.04   0.21
     4   1     0.24   0.20   0.06     0.01  -0.13  -0.02     0.42  -0.06  -0.06
     3   6    -0.02  -0.02  -0.09     0.24   0.01   0.06    -0.03   0.02   0.00
     2   6    -0.02  -0.04  -0.03    -0.01  -0.12  -0.03    -0.01   0.06  -0.15
     1   6     0.10   0.08   0.10     0.01   0.02  -0.01     0.18  -0.03   0.02
  Atom  AN      X      Y      Z        X      Y      Z        X      Y      Z
 IR Inten    --      0.6009                 0.3333                 0.9266
 Frc consts  --      0.0106                 0.1100                 0.1016
 Red. masses --      2.0476                 2.6146                 1.8158
 Frequencies --     93.6805               267.2326               308.1095
                      A                      A                      A
                      1                      2                      3
 and normal coordinates:
 incident light, reduced masses (AMU), force constants (mDyne/A),
 activities (A**4/AMU), depolarization ratios for plane and unpolarized
 Harmonic frequencies (cm**-1), IR intensities (KM/Mole), Raman scattering
        2.9235517       1.1395984       2.9524415
 Diagonal vibrational polarizability:
 Low frequencies ---   93.6824  267.2329  308.1098
 Low frequencies ---   -8.4780   -0.0005   -0.0004    0.0005    7.0328   14.7571
 Full mass-weighted force constant matrix:
 Calling FoFJK, ICntrl=    100127 FMM=F ISym2X=0 I1Cent= 0 IOpClX= 0 NMat=1 NMatS=1 NMatT=0.
 LDataN:  DoStor=T MaxTD1= 8 Len=  415
 ECPInt:  NShTT=    3828 NPrTT=   11160 LenC2=    3810 LenP2D=    9471.
   1 Symmetry operations used in ECPInt.
 End of Minotr F.D. properties file   788 does not exist.
 End of Minotr F.D. properties file   722 does not exist.
 End of Minotr F.D. properties file   721 does not exist.
 Isotropic polarizability for W=    0.000000       58.21 Bohr**3.
 Solved reduced A of dimension   222 with    42 vectors.
 InvSVY:  IOpt=1 It=  1 EMax= 3.55D-15
      3 vectors produced by pass  7 Test12= 8.32D-15 2.38D-09 XBig12= 6.28D-16 4.49D-09.
      3 vectors produced by pass  6 Test12= 8.32D-15 2.38D-09 XBig12= 7.37D-13 1.44D-07.
     21 vectors produced by pass  5 Test12= 8.32D-15 2.38D-09 XBig12= 6.38D-10 3.81D-06.
     39 vectors produced by pass  4 Test12= 8.32D-15 2.38D-09 XBig12= 3.95D-07 8.83D-05.
     39 vectors produced by pass  3 Test12= 8.32D-15 2.38D-09 XBig12= 2.11D-04 2.77D-03.
     39 vectors produced by pass  2 Test12= 8.32D-15 2.38D-09 XBig12= 7.19D-02 4.98D-02.
     39 vectors produced by pass  1 Test12= 8.32D-15 2.38D-09 XBig12= 3.95D+00 3.35D-01.
 AX will form    39 AO Fock derivatives at one time.
     39 vectors produced by pass  0 Test12= 8.32D-15 2.38D-09 XBig12= 5.47D+01 4.88D+00.
          There are    42 degrees of freedom in the 1st order CPHF.  IDoFFX=6 NUNeed=     3.
 Keep R1 ints in memory in canonical form, NReq=227049519.
          Differentiating once with respect to nuclear coordinates.
                with respect to dipole field.
          Differentiating once with respect to electric field.
          IDoAtm=1111111111111
 End of G2Drv F.D. properties file   788 does not exist.
 End of G2Drv F.D. properties file   722 does not exist.
 End of G2Drv F.D. properties file   721 does not exist.
 Calling FoFCou, ICntrl=  3107 FMM=F I1Cent=   0 AccDes= 0.00D+00.
 G2DrvN: will do    14 centers at a time, making    1 passes.
 IMax=3 JMax=2 DiffMx= 0.00D+00
 Symmetrizing basis deriv contribution to polar:
 LDataN:  DoStor=T MaxTD1= 7 Len=  274
 ECPInt:  NShTT=    3828 NPrTT=   11160 LenC2=    3810 LenP2D=    9471.
   1 Symmetry operations used in ECPInt.

 **** Warning!!: The largest alpha MO coefficient is  0.25713881D+02

 NROrb=    203 NOA=    19 NOB=    19 NVA=   184 NVB=   184
 NBasis=   203 NAE=    19 NBE=    19 NFC=     0 NFV=     0
 Range of M.O.s used for correlation:     1   203
 DoSCS=F DFT=T ScalE2(SS,OS)=  1.000000  1.000000
            NFock=  1  Conv=0.23D-08     -V/T= 2.0056
 SCF Done:  E(RB3LYP) =  -195.367315594     A.U. after    1 cycles
 No special actions if energy rises.
 Requested convergence on             energy=1.00D-06.
 Requested convergence on MAX density matrix=1.00D-06.
 Requested convergence on RMS density matrix=1.00D-08 within 128 cycles.
         Rot=    1.000000   -0.000000   -0.000000    0.000000 Ang=   0.00 deg.
 B after Tr=    -0.000000    0.000000    0.000000
 Initial guess from the checkpoint file:  "checkpoint.chk"
 NBsUse=   203 1.00D-06 EigRej= -1.00D+00 NBFU=   203
 NBasis=   203 RedAO= T EigKep=  1.51D-04  NBF=   203
 LDataN:  DoStor=T MaxTD1= 6 Len=  172
 ECPInt:  NShTT=    3828 NPrTT=   11160 LenC2=    3810 LenP2D=    9471.
   1 Symmetry operations used in ECPInt.
 One-electron integrals computed using PRISM.
 Two-electron integral symmetry is turned on.
 Raffenetti 2 integral format.
 Integral buffers will be    131072 words long.
 NAtoms=   13 NActive=   13 NUniq=   13 SFac= 1.00D+00 NAtFMM=   60 NAOKFM=F Big=F
       nuclear repulsion energy       165.0281059132 Hartrees.
    19 alpha electrons       19 beta electrons
   203 basis functions,   319 primitive gaussians,   228 cartesian basis functions
 There are   203 symmetry adapted basis functions of A   symmetry.
 There are   228 symmetry adapted cartesian basis functions of A   symmetry.
 Standard basis: def2TZVP (5D, 7F)
 Rotational constants (GHZ):          11.7052990           3.6577458           3.3006284
 ---------------------------------------------------------------------
     13          1           0        2.951181    0.169955    0.454031
     12          1           0        1.641201    1.442895    0.204964
     11          1           0        1.426201   -1.591257   -0.157269
     10          6           0        1.926974    0.398090    0.188401
      9          1           0       -0.642790   -0.914584   -1.409329
      8          6           0        1.071846   -0.562879   -0.143556
      7          1           0       -1.855683    1.190903   -0.928217
      6          1           0       -0.624338    1.659660    0.320686
      5          1           0       -2.346251   -0.926178    0.380655
      4          1           0       -1.084741   -0.440530    1.603508
      3          6           0       -1.129724    0.857306   -0.198853
      2          6           0       -0.357019   -0.393644   -0.500878
      1          6           0       -1.422874   -0.397351    0.576714
