 Normal termination of Gaussian 16 at Fri Jun 10 10:39:34 2022.
 File lengths (MBytes):  RWF=     95 Int=      0 D2E=      0 Chk=     32 Scr=      1
 Elapsed time:       0 days  0 hours  4 minutes 13.5 seconds.
 Job cpu time:       0 days  0 hours 50 minutes 37.4 seconds.
 HAVE TO EAT A LITTLE CHALK DUST.
 YOU CAN WIPE THE SLATE CLEAN, BUT YOU'LL STILL


 76,0.00000033,-0.00000003,0.00000038\\\@
 0050,-0.00000015,0.00000006,0.00000023,-0.00000025,0.00000007,0.000000
 000023,0.00000043,-0.00000003,0.00000051,0.00000025,-0.00000009,0.0000
 00000040,-0.00000014,0.00000005,0.00000070,-0.00000004,0.00000006,0.00
 0006,-0.00000045,-0.00000060,-0.00000002,-0.00000002,-0.00000002,0.,0.
 000002,0.00000042,0.00000043,0.00000014,-0.00000042,0.00000049,-0.0000
 0.00000016,0.,-0.00000089,-0.00000014,0.,-0.00000091,-0.00000009,-0.00
 00000012,-0.00000006,-0.00000037,-0.00000032,-0.00000004,-0.00000041,-
 91159,-0.05779235,0.00277397,0.32428412\\-0.00000015,0.,-0.00000067,0.
 9799219,0.00014142,0.00012679,-0.00527054,0.00368278,0.00072748,-0.014
 0041922,-0.00014308,-0.00010864,0.00097340,0.05087377,-0.00163623,-0.2
 058851,-0.00005302,-0.00002291,-0.00018208,-0.00009202,-0.00008633,0.0
 00027071,0.00143768,-0.00336106,0.00128409,0.00012167,0.00100039,-0.00
 ,-0.00872030,0.00016963,0.00005973,0.00014185,0.00025611,0.00024293,0.
 845,0.00004896,-0.00004826,0.00000695,0.00004550,0.00222031,0.00046948
 204,0.00042652,-0.00093038,-0.00016002,-0.00046551,0.00005153,-0.00001
 68072,0.05310226,0.00018611,0.00037796,0.00023635,-0.00008190,-0.00039
 0296697,0.00282398,0.02415149,-0.00104088,0.00009664,0.00029063,-0.004
 0007706,-0.00091907,0.00011302,-0.00121375,-0.05224284,0.00624279,-0.0
 .00010829,-0.00020363,0.00008981,0.00005733,0.00041967,0.00010389,-0.0
 00465819,-0.00403392,-0.00410877,-0.00040215,0.00033665,-0.00031768,-0
 ,0.00011785,-0.00012170,0.00005841,0.00012181,0.00003218,0.00008644,0.
 0,-0.00003007,0.00001711,-0.00005103,0.00665118,0.00082106,-0.02930941
 6,-0.00108430,-0.00042614,-0.00080592,0.00005726,-0.00001411,0.0000434
 8125,0.00010884,0.00009478,0.00040191,-0.00016826,0.00021708,0.0002370
 297520,0.00149327,0.01738274,0.00748044,-0.00038549,-0.02631006,0.0609
 0041371,0.00007743,-0.00014332,-0.05919315,0.00158204,0.04619458,-0.00
 0001858,0.00010392,-0.00019039,-0.00015175,-0.00011569,-0.00010503,0.0
 .00206777,0.00481292,0.00258895,0.00031857,-0.00048259,-0.00011323,0.0
 0010607,-0.00001486,-0.00010608,-0.00063311,-0.00029549,-0.00025345,-0
 001291,-0.00002558,-0.00011645,-0.00545984,-0.00233355,0.01829237,-0.0
 .00093677,0.00002747,0.00061436,0.00007422,0.00000549,0.00010901,-0.00
 ,0.00001862,-0.00011720,-0.00035258,0.00035765,0.00034862,0.00030092,0
 75,0.00743369,-0.00053783,0.00466006,0.12673904,-0.00306871,0.12676555
 9,-0.00019010,-0.00008986,-0.00018193,-0.11653284,0.00358705,-0.123773
 0104,-0.00011779,0.00051655,0.00002268,0.00019985,0.00008686,0.0000556
 0012222,-0.00093282,0.00004377,0.00310059,0.00038278,0.00037814,0.0000
 ,0.00373597,0.00013449,0.00006068,0.00006339,0.00038899,0.00016955,0.0
 3,0.00010388,-0.00003509,-0.00002671,0.00012710,0.00809741,-0.00137492
 1642,0.00054560,0.00056409,0.00012999,0.00015756,0.00004633,-0.0000420
 29445,0.05445211,0.00013973,0.00049324,-0.00059407,-0.00000770,-0.0006
 02529,-0.04853906,0.00127607,-0.02034097,0.00220531,-0.01403153,-0.011
 037253,0.00013741,-0.00023787,-0.00010425,-0.00020378,0.00002293,0.000
 0268019,0.00290583,0.00079798,-0.00090648,0.00011964,-0.00051684,-0.00
 0.00015422,0.00019343,0.00044534,-0.00424015,0.00111147,0.00317651,0.0
 15,0.03375283,-0.01123422,0.01365014,0.00058030,0.00023096,0.00053452,
 74504,0.00039800,-0.00005677,0.00015546,0.00044915,0.00013421,0.000263
 80740,-0.00381135,-0.00153727,-0.00113229,0.00298675,-0.00004164,0.000
 1462572,0.00016783,-0.01058417,0.25056344,0.00042896,0.00002575,-0.002
 0001858,0.00010828,-0.00005328,-0.22810692,0.00230659,-0.11400265,-0.0
 0.00065225,0.00090648,-0.00011965,0.00016475,0.00004410,0.00015091,0.0
 ,0.00370747,-0.00108666,-0.00028956,0.00056078,-0.00142603,0.00069214,
 4,-0.00075011,0.00015144,-0.00037288,0.00015750,-0.00019344,0.00012241
 ,-0.00036832,-0.00010429,-0.00015678,-0.02117069,0.01022382,-0.0080553
 -0.00243615,-0.00023727,-0.00072564,-0.00028067,0.00010540,-0.00015109
 0,-0.00014295,-0.00003773,0.00224026,0.00457632,0.00140682,0.00088351,
 26,0.03969482,0.05418224,-0.06444185,-0.04283110,-0.05529331,0.0636554
 34,-0.00007319,-0.00029569,0.00059476,-0.00010525,-0.00010394,0.000419
 0467,0.00080169,-0.00108601,-0.00057997,0.00015089,0.00023775,0.000055
 0154,-0.00020667,0.00001574,-0.00039949,-0.00141198,-0.00032392,0.0003
 5592,-0.00326393,-0.00746036,0.00063958,0.00000778,-0.00021472,-0.0001
 50190,0.00009148,-0.00000863,0.00012329,0.00002747,-0.00001457,-0.0000
 0040009,-0.00037590,0.00050612,0.00029514,0.00069778,-0.00018703,0.000
 20553829,0.04855521,0.13061360,0.23219774,-0.00000246,-0.00007364,-0.0
 0.00142901,0.00030041,0.00011514,0.00041966,0.00008628,-0.11961441,-0.
 .00311225,-0.00271070,-0.00004373,0.00013793,-0.00008695,-0.00091373,-
 ,0.00011986,0.00062107,-0.00133570,0.00382502,0.00198762,0.00438618,-0
 23,-0.03202880,0.00815454,-0.00018538,0.00027756,0.00006663,0.00043668
 23722,0.00000648,0.00008156,0.00006263,0.00007044,0.00007766,-0.014872
 0191842,0.00020517,-0.00056073,0.00122623,-0.00028287,0.00025089,0.000
 .13016938,0.04042723,0.15296188,0.00014481,0.00010206,-0.00111914,-0.0
 0091468,-0.00007550,-0.00015178,-0.00005785,-0.00009193,-0.14592935,-0
 ,0.00254542,0.00120397,0.00016458,0.00037301,0.00019902,0.00072299,0.0
 6,0.00013501,-0.00002952,0.00123859,0.00003084,-0.00144615,-0.00150638
 852,0.01828766,-0.00440606,-0.00013958,0.00003115,0.00000930,0.0001177
 007655,0.00005347,0.00000955,0.00005761,-0.00003889,0.00010026,0.00949
 0025378,0.00068454,-0.00013307,0.00044936,0.00003440,-0.00005291,-0.00
 0026206,-0.03472975,0.58933136,-0.00006052,-0.00012972,-0.00045819,0.0
 00120852,0.00271727,-0.00058891,-0.00011453,0.00031545,-0.00058690,0.0
 -0.00759629,0.00267769,0.00596006,0.00068921,-0.00080444,0.00000382,0.
 ,-0.00122171,0.00007865,0.00016639,0.03793296,-0.03615169,-0.03566837,
 0,0.00262613,0.00582164,-0.07336854,-0.00145256,0.00024467,-0.00091584
 ,-0.00068858,0.00015477,-0.00043951,-0.00085831,-0.00016042,-0.0005696
 4,0.00530574,0.00506823,0.00083443,-0.00845842,-0.00115997,-0.00457586
 50,-0.00100250,0.06995427,0.50961542,-0.00025337,-0.00014618,0.0066252
 239,-0.00038476,-0.00254174,-0.00310694,0.00109236,0.00048231,0.000335
 7181,-0.01184697,0.01646153,-0.03483323,-0.00258578,0.00142642,0.00290
 41211,-0.00102671,-0.00175018,0.00062957,-0.00156415,0.00884901,0.0043
 3480,-0.00043958,0.03221616,-0.17280189,-0.00974210,-0.00067267,-0.000
 282,-0.00088733,-0.00123402,0.00012424,-0.00055747,-0.00083545,-0.0003
 7472,0.00660013,0.01031843,-0.00009223,0.00094156,-0.00647843,-0.00000
 0081142,0.00031811,0.00040243,0.00012124,0.55057088,0.00008510,-0.0000
 00755622,0.00056143,-0.00268051,0.00038928,-0.00150275,-0.00438344,0.0
 .00043644,-0.00996906,0.00780815,0.00971783,0.00728690,-0.01645720,-0.
 ,0.02068398,-0.00127265,0.00022037,-0.00073006,0.00040450,0.00057229,0
 0,0.00022856,-0.00040443,-0.00017274,0.00011989,-0.10394782,0.05563573
 42,-0.00006819,-0.00127103,0.00218504,0.00190551,-0.00003974,0.0000258
 644,0.32429576,-0.00073606,0.00047627,-0.00035751,-0.00676889,0.007216
 84,-0.01490920,0.00013450,-0.00014563,-0.00521335,-0.05780253,-0.00216
 7426,0.00126651,0.05087068,0.00108494,-0.29798008,0.00368071,-0.000760
 0024223,0.00027147,0.00016995,-0.00005902,0.00014212,0.00144685,0.0033
 00001863,0.00004902,0.00223622,-0.00049089,-0.00878806,0.00025653,-0.0
 .00015943,-0.00046778,-0.00004833,-0.00000691,0.00004539,0.00005165,0.
 -0.00037752,0.00023819,-0.00008249,0.00039249,0.00042617,-0.00093302,0
 76,0.00296431,0.00276763,-0.02416126,0.00454894,0.05309552,0.00018657,
 258,0.00132978,-0.05225507,-0.00679658,0.00105342,0.00009490,-0.000339
 01,-0.00011745,-0.00012203,-0.00005785,-0.00465377,-0.00402133,0.00412
 319,-0.00664935,0.00088656,0.02929647,-0.00012155,0.00003149,-0.000086
 0616,0.00002994,0.00001724,0.00005104,-0.00005709,-0.00001420,-0.00004
 040176,0.00016813,0.00021736,-0.00023641,0.00108284,-0.00042330,0.0008
 0297602,-0.00145541,0.01739890,0.06097660,-0.00010845,0.00009295,-0.00
 05919317,-0.00147701,0.04620223,0.00747971,0.00032749,-0.02631074,-0.0
 00010602,0.00001462,-0.00010609,-0.00206278,-0.00480579,0.00259806,-0.
 .00545764,0.00237319,0.01827149,-0.00063319,0.00029455,-0.00025409,-0.
 0.00001294,0.00002529,-0.00011653,0.00007425,-0.00000519,0.00010905,-0
 ,0.00035775,-0.00034784,0.00030185,0.00093621,-0.00002531,0.00061401,-
 78,-0.04255246,0.05487386,0.06339611,0.00001862,0.00011634,-0.00035264
 861,0.03944157,-0.05382895,-0.06420092,-0.01059114,0.01403166,0.004625
 39798,0.00000723,0.00021383,-0.00010188,-0.00141529,0.00031487,0.00030
 12346,-0.00330288,0.00753544,0.00064103,-0.00020564,-0.00001706,-0.000
 00050204,0.00002761,0.00001428,-0.00005577,0.00009203,0.00000895,0.000
 0.00040290,-0.00038014,-0.00050613,0.00029500,0.00070056,0.00018924,0.
 ,0.00225017,0.00054739,-0.13075566,0.23231966,-0.00000216,0.00007246,-
 ,0.00382177,-0.00199662,0.11973878,-0.20564804,-0.04820160,-0.00020156
 17,0.00011807,-0.00062231,0.00018517,0.00027799,-0.00006752,0.00133100
 04,0.00000615,-0.00008128,0.01488635,-0.03203193,-0.00808003,-0.000437
 9,-0.00028367,-0.00024907,-0.00006257,0.00007028,-0.00007791,-0.000237
 4490,0.00010485,0.00111772,0.00191756,0.00020594,0.00056087,-0.0012241
 029539,0.04014621,-0.01463633,0.02034954,0.00738552,0.15309913,-0.0001
 0003135,0.00000941,0.00123790,-0.00003556,-0.00144502,-0.14606054,0.13
 827613,-0.00435883,0.00011806,-0.00013509,-0.00002889,-0.00013967,-0.0
 0003912,0.00010021,-0.00007639,-0.00005349,0.00000973,0.00950035,-0.01
 00068483,-0.00013176,0.00045003,-0.00003413,-0.00005270,0.00005762,0.0
 .00330541,0.12675069,-0.00006052,0.00012855,-0.00045908,0.00025313,-0.
 0.00003959,0.00310817,-0.11653025,-0.00382526,-0.12376179,0.12671023,0
 -0.00016951,0.00012366,0.00013589,-0.00006100,0.00006478,-0.00094276,-
 724,0.00004243,0.00010415,0.00817601,0.00141448,0.00376476,0.00038943,
 57119,-0.00012921,0.00015961,-0.00003404,0.00002667,0.00012766,0.00004
 014101,-0.00049462,-0.00059951,-0.00001698,0.00062129,0.00054149,0.000
 0317199,-0.00039384,-0.04855256,-0.00151295,0.01169560,0.05447924,0.00
 00044544,-0.00058049,0.00022917,-0.00053510,0.00423931,0.00110673,-0.0
 0015517,-0.03373884,-0.01128611,-0.01361910,-0.00015333,0.00019201,-0.
 074495,-0.00044949,0.00013347,-0.00026324,-0.00039801,-0.00005731,-0.0
 280711,0.00381454,-0.00153186,0.00113764,-0.00298668,-0.00004517,-0.00
 2810502,-0.00266916,-0.11399594,0.25055087,-0.00042873,0.00003098,0.00
 0074972,-0.00015284,-0.00037224,0.00370466,0.00108736,-0.00029045,-0.2
 02114754,-0.01024792,-0.00802411,0.00015748,0.00019371,0.00012220,-0.0
 0036814,0.00010366,-0.00015689,-0.00028041,-0.00010587,-0.00015076,-0.
 0457506,-0.00140150,0.00088621,-0.00243472,0.00023428,-0.00072581,-0.0
 0.00040772,0.03491716,0.58916736,-0.00014275,0.00004289,0.00223870,0.0
 -0.00145399,-0.00024663,-0.00091767,0.03793460,0.03607731,-0.03578087,
 0.00270494,-0.00558644,-0.07337837,-0.00122576,-0.00008040,0.00016291,
 0.00086036,0.00015941,-0.00057100,-0.00069141,-0.00015647,-0.00044046,
 0.00533265,-0.00506312,0.00084855,-0.00847429,0.00114469,-0.00458068,-
 2,0.01175769,-0.06993174,0.50970638,-0.00025326,0.00016178,0.00664041,
 367,0.00156330,0.00066881,-0.00041005,0.00102513,-0.00876739,0.0044757
 12584,0.00055626,-0.03217381,-0.17283854,0.00998676,0.00174719,0.00063
 00000425,0.00087756,0.00083339,-0.00033286,0.00043909,0.00123232,0.000
 00009014,-0.00658453,-0.01030943,-0.00011560,-0.00093938,0.00645787,0.
 00073008,-0.00996037,-0.00779286,0.00972978,0.55064402,-0.00008603,-0.
 02080963,0.00040388,-0.00057138,0.00043696,-0.00127286,-0.00022254,-0.
 00011925,-0.00004037,-0.00002535,0.00022833,-0.10390173,-0.05555085,0.
 .00005070,-0.00127327,-0.00218124,0.00191020,-0.00040496,0.00017298,0.
 8447521,-0.00073577,-0.00047745,-0.00035294,-0.00675968,-0.00722004,-0
 00270182,-0.00410444,0.00084247,-0.00270597,-0.05835261,0.00033031,0.3
 0050969,0.05812696,-0.00016787,-0.24973331,-0.00410031,-0.00085096,-0.
 03461311,-0.00055581,-0.00009053,0.00050660,-0.00055316,0.00008997,0.0
 333512,-0.00406208,-0.00004576,-0.03032557,-0.01092429,-0.00001769,-0.
 0000465,0.00091005,-0.00005135,0.09039479,0.00336230,-0.00001000,-0.00
 09392746,-0.00016753,-0.00154231,0.00000008,-0.00091566,0.00153408,0.0
 .00061829,0.00141200,-0.00115412,0.00061545,-0.00141073,0.00007251,-0.
 0.00768977,-0.00004250,0.00000308,-0.02203592,-0.00001316,0.00115420,0
 ,0.00140199,0.15514332,-0.00001344,0.00598307,-0.00003672,-0.00002104,
 275,0.05844479,0.00265499,0.00072441,0.00140078,0.00265459,-0.00071972
 163721,0.00283568,0.00320718,0.00164524,0.00283264,-0.07794837,0.00007
 .00000711,0.00780365,0.03766753,0.00002313,0.00611388,0.00320738,-0.00
 12968160,0.12417638,-0.05922750,-0.00013062,-0.09653003,-0.05318778,-0
 .00625434,-0.00310352,-0.00163103,0.01371677,0.01082305,-0.03452648,0.
 .00063381,-0.00016755,0.00229918,0.00087499,-0.00191702,-0.00471517,-0
 .11842312,-0.12190444,-0.00288607,0.00014764,-0.00152939,-0.00163834,0
 0.04290215,0.26652298,0.00550185,-0.02124076,-0.00301873,0.03711719,-0
 ,0.00103779,0.00016212,0.00067499,0.00360980,-0.01700325,-0.01365257,-
 70,0.00047925,0.00141581,0.00022291,-0.00080488,0.00113436,-0.00000810
 038,0.03884579,-0.25709929,-0.11941742,0.00158556,-0.00021428,0.000581
 3382,-0.00360322,-0.00161530,0.04887221,-0.00095769,0.00412678,0.00072
 78079,0.00073153,0.00678088,-0.00485978,-0.00942182,-0.00398960,0.0024
 501419,0.00049240,-0.00042006,-0.00171737,0.00075266,-0.00431757,0.001
 00041557,0.01594216,0.01403437,-0.04151289,0.03735579,0.03008241,-0.00
 00471603,0.00624419,-0.00311654,-0.03455729,-0.13003144,0.12478366,-0.
 229778,-0.00088090,-0.00191497,-0.00163687,-0.00063839,-0.00016553,-0.
 714438,0.11875768,-0.12246131,-0.00288222,-0.00015227,-0.00152763,0.00
 .00068480,0.04270532,0.26596132,0.00548832,0.02122696,-0.00306682,0.03
 .00000458,-0.00048474,0.00141314,-0.00022892,-0.00105149,0.00017963,-0
 0.11974829,-0.00159485,-0.00021711,-0.00058498,0.00081060,0.00113238,0
 ,0.04882656,0.00096811,0.00416675,-0.00072971,-0.03864401,-0.25658289,
 -0.00171671,-0.00076446,-0.00431567,-0.00486423,0.00940984,-0.00401125
 -0.00501298,-0.00049595,-0.00041857,0.00178076,-0.00071530,0.00678259,
 -0.00040763,-0.01591171,0.01407198,-0.04147239,-0.03717047,0.03010564,
 ,0.00218277,0.00035522,-0.00135832,-0.13899158,-0.00016335,0.44016730,
 9,0.05377223,0.00000650,-0.00096277,0.00218317,-0.00035700,-0.00135835
 ,-0.01785697,-0.00002977,-0.01656775,-0.00494669,0.00002847,-0.0084927
 1,0.00035719,0.00010805,-0.00009586,-0.00036255,-0.00020483,0.54783455
 64,0.00003542,0.00004366,0.00569296,-0.00000367,-0.00010580,-0.0000948
 706,0.38812545,-0.00002757,0.00467439,-0.00001347,0.00001378,-0.033911
 50,-0.00550775,0.00206405,-0.00452206,-0.00550674,-0.00207756,-0.00451
 1880,0.04034851,0.00004443,0.02108044,-0.06779122,-0.00000170,0.015241
 047600,-0.03952726,0.04457130,0.04797087,-0.01990947,0.00004453,0.0435
 0885749,-0.00995580,0.01073612,0.00037343,-0.00426181,0.00377566,-0.00
 6148326,0.03306339,-0.03199724,-0.03546289,0.01975742,-0.02520236,-0.0
 0094750,-0.00041912,0.01368381,-0.01736594,-0.00373836,-0.12799638,0.2
 24872779,-0.04156193,0.00006830,0.00254345,0.00074752,-0.00084814,-0.0
 .00028607,0.00915008,-0.01367958,-0.00422775,0.12003084,0.11608906,-0.
 0.04363909,-0.00215348,0.01459158,-0.00104739,-0.00967892,0.00979615,0
 ,0.00039765,-0.03980294,-0.04509241,0.04818096,-0.11406208,0.11943750,
 ,-0.03563659,0.01974398,0.02518610,-0.00891465,-0.00995192,-0.01073830
 016,-0.00097647,0.00042243,0.12782770,0.26141000,0.03331791,0.03251438
 3915,-0.24868008,0.04208472,-0.00002454,0.00259286,-0.00077490,0.00082
 9656,-0.00101280,-0.00967404,-0.00980012,0.00030886,0.11989392,-0.1159
 2626,0.08394127,-0.11393617,-0.11926282,0.04389626,-0.00214566,-0.0145
 3176,-0.00368364,0.01832750,-0.00003359,-0.03362710,-0.04647101,0.0000
 03777,-0.00082204,-0.00004730,-0.00006881,0.05098054,0.00354481,0.0000
 002240,-0.03287951,-0.00201761,0.00001390,-0.02995881,0.00005190,0.000
 .00017114,0.54830381,0.00645267,0.00010166,0.07844108,0.05971157,-0.00
 .00037702,0.64335314,0.17025299,-0.00008631,-0.21793333,-0.22637420,-0
 0.00008976,0.09359922,0.22272441,0.00017956,-0.10533194,-0.00010670,-0
 -0.00031240,0.61346111,-0.23681680,-0.00042250,0.30696124,-0.17915740,
 646957,0.0063152,65.7019902\PG=C01 [X(C4H11N1O1)]\NImag=1\\0.48250449,
 0818958,-0.029751,-0.1164533\Polar=87.0162099,0.0087251,60.6399475,1.4
 0056468,0.0378251,0.0315682,0.0058655,0.0314111,0.0367662,0.0357124,0.
 2823,-0.0601815,0.0389888,0.0269331,-0.0339147,-0.1109833,0.0106318,0.
 99212,-0.03633,0.0035046,0.0236277,0.026497,0.0616552,-0.1478445,0.068
 72,-0.0721766,0.0715754,0.2107978,0.0071173,-0.0887597,0.0230797,-0.01
 -0.1164383,0.2298237,-0.1026836,0.0389303,-0.2787437,0.221323,-0.02515
 .0315538,0.005959,-0.0312176,0.0367182,-0.0360699,0.0819539,0.0294338,
 99995,-0.0363434,-0.0032621,0.0235945,-0.0262538,0.0617254,0.037858,-0
 329,-0.1108858,-0.0107403,0.0055921,0.0070599,0.0888365,0.0228727,0.01
 ,0.2109064,-0.1477885,-0.0685159,-0.060039,-0.0393419,0.0269305,0.0338
 ,0.10278,0.0386755,0.2785784,0.2214165,0.0251534,-0.0727941,-0.0716387
 00371,-0.4430594,-0.0005316,-0.2872663,-0.0005248,-0.8252121,0.2296243
 -0.0098913,-0.0524221,-0.0135999,-0.5675436,-0.0003933,-0.3067356,-0.0
 0139319,-0.0034671,0.0195577,0.0441459,0.0318393,-0.0552845,-0.089369,
 94266,0.0441433,-0.0318349,-0.05498,0.0894892,-0.0098445,0.0525135,-0.
 26,-0.0872178,0.0005682,0.0847778,0.0005772,0.3852057,-0.0034394,-0.01
 0.0142468,0.0034411,0.1362137,-0.5871635,-0.0000758,0.0495173,-0.00003
 361654,-0.0549088,0.0490879,0.0846133,0.0632671,-0.0645991,-0.0234549,
 843,0.0847154,-0.0632288,-0.0646116,0.0239707,0.0143971,-0.0029627,0.1
 8,0.1095472,0.0003253,0.2512282,0.0003019,0.3097615,-0.0548483,-0.0488
 ,-0.2151378,-0.0001469,0.0469971,0.3905109,0.0004709,0.337224,0.000368
 .4850315,0.9324161,-0.000051,-0.2264163,-0.0000375,0.123969,-0.0001501
 2396,-0.1263694,0.0002761,0.0388221,-0.0006472,0.3132579,-0.0005314,-0
 3\Dipole=0.6331079,-0.0010073,-1.0003294\DipoleDeriv=-0.3052318,-0.000
 8618\RMSD=2.504e-09\RMSF=3.553e-07\ZeroPoint=0.1464281\Thermal=0.15375
 4185,-1.2457412232,-1.3266001143\\Version=ES64L-G16RevA.03\HF=-289.018
 8009,0.0007667752\H,2.2076808281,-1.2791233569,0.3136827703\H,1.503850
 71\C,1.2776086263,-1.2252867854,-0.2590887652\H,0.6523429063,-2.075951
 242,2.0764898187,-0.0041153015\H,1.5031983704,1.2436060606,-1.32952475
 091,-0.2619687724\H,2.2070075112,1.2812169564,0.3106745576\H,0.6512520
 67808\O,0.108893481,0.0016950969,1.3346991945\C,1.2769642612,1.2255439
 178306,0.9068982497,-1.507121797\H,-1.0614327004,-0.910790561,-1.50499
 07609471,0.355563389\N,0.546614148,0.0003210482,0.0666479769\H,-1.0619
 189515\H,-2.6731642494,-0.9111550619,0.3576977207\H,-2.6736516803,0.91
 0654066,-0.0013371354,-0.944227451\H,-1.1174001171,0.0010594203,1.0727
 \\ts_initalOpt\\0,1\C,-2.1198389312,-0.0002895823,0.1512004034\C,-1.24
 \\#N Geom=AllCheck Guess=TCheck SCRF=Check GenChk RB3LYP/def2TZVP Freq
 1\1\GINC-BHC0029\Freq\RB3LYP\def2TZVP\C4H11N1O1\DHANAWAY\10-Jun-2022\0
 ----------------------------------------------------------------------

   zz         0.704741D+02      0.104432D+02      0.116196D+02
   zy        -0.547666D-02     -0.811557D-03     -0.902979D-03
   zx         0.900478D+01      0.133437D+01      0.148469D+01
   yy         0.606399D+02      0.898591D+01      0.999818D+01
   yx        -0.130835D-01     -0.193877D-02     -0.215717D-02
   xx         0.822441D+02      0.121873D+02      0.135602D+02
   aniso      0.243772D+02      0.361234D+01      0.401926D+01
   iso        0.711194D+02      0.105388D+02      0.117260D+02
               (au)            (10**-24 esu)      (10**-40 SI)
 Alpha(0;0):
 (esu units = cm**3 , SI units = C**2 m**2 J**-1)
 Dipole polarizability, Alpha (dipole orientation).

   z          0.118384D+01      0.300903D+01      0.100370D+02
   y          0.000000D+00      0.000000D+00      0.000000D+00
   x          0.000000D+00      0.000000D+00      0.000000D+00
   Tot        0.118384D+01      0.300903D+01      0.100370D+02
                  (au)            (Debye)         (10**-30 SI)
 (Debye = 10**-18 statcoulomb cm , SI units = C m)
 Electric dipole moment (dipole orientation):

     1          1.06008142          2.35127479          3.64010552
     1          3.84161645          2.41666730          1.73226900
     1          1.04146197          3.92267600          0.66137589
     6          1.77766468          2.31444347          1.70684046
     1          1.05724481         -2.35291236          3.64011386
     1          1.03672157         -3.92430567          0.66139219
     1          3.83869451         -2.42167730          1.73227514
     6          1.77486750         -2.31695783          1.70684723
     8          1.52273705         -0.00110790         -2.02118754
     1         -3.21626977          1.71921880          1.33193595
     1         -3.21834479         -1.71571707          1.33191613
     7          0.94018306         -0.00075429          0.44598875
     1         -3.90950093         -1.71927021         -3.27123513
     1         -3.90741479          1.72365392         -3.27122107
     1         -0.70015563          0.00024366         -2.84216008
     6         -2.93530741          0.00158680          0.25392081
     6         -3.23213354          0.00177837         -2.38375860
 Dipole orientation:

 ----------------------------------------------------------------------

   zz         0.657020D+02      0.973603D+01      0.108328D+02
   zy         0.631521D-02      0.935818D-03      0.104124D-02
   zx         0.146470D+01      0.217046D+00      0.241496D+00
   yy         0.606399D+02      0.898591D+01      0.999818D+01
   yx         0.872507D-02      0.129292D-02      0.143857D-02
   xx         0.870162D+02      0.128945D+02      0.143470D+02
   aniso      0.243772D+02      0.361234D+01      0.401926D+01
   iso        0.711194D+02      0.105388D+02      0.117260D+02
               (au)            (10**-24 esu)      (10**-40 SI)
 Alpha(0;0):
 (esu units = cm**3 , SI units = C**2 m**2 J**-1)
 Dipole polarizability, Alpha (input orientation).

   z         -0.100033D+01     -0.254258D+01     -0.848115D+01
   y         -0.100732D-02     -0.256035D-02     -0.854040D-02
   x          0.633108D+00      0.160920D+01      0.536771D+01
   Tot        0.118384D+01      0.300903D+01      0.100370D+02
                  (au)            (Debye)         (10**-30 SI)
 (Debye = 10**-18 statcoulomb cm , SI units = C m)
 Electric dipole moment (input orientation):

 ----------------------------------------------------------------------


 GradGradGradGradGradGradGradGradGradGradGradGradGradGradGradGradGradGrad
 --------------------------------------------------------------------------------
 ! D24   D(10,6,14,17)         -59.1104         -DE/DX =    0.0                 !
 ! D23   D(10,6,14,16)          61.767          -DE/DX =    0.0                 !
 ! D22   D(10,6,14,15)        -178.9246         -DE/DX =    0.0                 !
 ! D21   D(9,6,14,17)          172.7499         -DE/DX =    0.0                 !
 ! D20   D(9,6,14,16)          -66.3728         -DE/DX =    0.0                 !
 ! D19   D(9,6,14,15)           52.9357         -DE/DX =    0.0                 !
 ! D18   D(14,6,10,13)          59.1102         -DE/DX =    0.0                 !
 ! D17   D(14,6,10,12)         178.9244         -DE/DX =    0.0                 !
 ! D16   D(14,6,10,11)         -61.767          -DE/DX =    0.0                 !
 ! D15   D(9,6,10,13)         -172.7501         -DE/DX =    0.0                 !
 ! D14   D(9,6,10,12)          -52.9358         -DE/DX =    0.0                 !
 ! D13   D(9,6,10,11)           66.3727         -DE/DX =    0.0                 !
 ! D12   D(14,6,9,3)          -115.478          -DE/DX =    0.0                 !
 ! D11   D(10,6,9,3)           115.4785         -DE/DX =    0.0                 !
 ! D10   D(1,3,9,6)             -0.0002         -DE/DX =    0.0                 !
 ! D9    D(5,1,3,9)           -119.9968         -DE/DX =    0.0                 !
 ! D8    D(4,1,3,9)            119.9968         -DE/DX =    0.0                 !
 ! D7    D(2,1,3,9)             -0.0001         -DE/DX =    0.0                 !
 ! D6    D(5,1,2,8)           -148.4591         -DE/DX =    0.0                 !
 ! D5    D(5,1,2,7)              5.2704         -DE/DX =    0.0                 !
 ! D4    D(4,1,2,8)             -5.2702         -DE/DX =    0.0                 !
 ! D3    D(4,1,2,7)            148.4593         -DE/DX =    0.0                 !
 ! D2    D(3,1,2,8)            103.1354         -DE/DX =    0.0                 !
 ! D1    D(3,1,2,7)           -103.1351         -DE/DX =    0.0                 !
 ! A26   A(16,14,17)           109.5759         -DE/DX =    0.0                 !
 ! A25   A(15,14,17)           109.7744         -DE/DX =    0.0                 !
 ! A24   A(15,14,16)           108.9896         -DE/DX =    0.0                 !
 ! A23   A(6,14,17)            109.6866         -DE/DX =    0.0                 !
 ! A22   A(6,14,16)            110.4496         -DE/DX =    0.0                 !
 ! A21   A(6,14,15)            108.3441         -DE/DX =    0.0                 !
 ! A20   A(12,10,13)           109.7744         -DE/DX =    0.0                 !
 ! A19   A(11,10,13)           109.5758         -DE/DX =    0.0                 !
 ! A18   A(11,10,12)           108.9895         -DE/DX =    0.0                 !
 ! A17   A(6,10,13)            109.6866         -DE/DX =    0.0                 !
 ! A16   A(6,10,12)            108.3442         -DE/DX =    0.0                 !
 ! A15   A(6,10,11)            110.4496         -DE/DX =    0.0                 !
 ! A14   A(3,9,6)               96.9851         -DE/DX =    0.0                 !
 ! A13   A(10,6,14)            113.6859         -DE/DX =    0.0                 !
 ! A12   A(9,6,14)             111.9727         -DE/DX =    0.0                 !
 ! A11   A(9,6,10)             111.9728         -DE/DX =    0.0                 !
 ! A10   A(1,3,9)              149.4675         -DE/DX =    0.0                 !
 ! A9    A(7,2,8)              114.0496         -DE/DX =    0.0                 !
 ! A8    A(1,2,8)              120.5209         -DE/DX =    0.0                 !
 ! A7    A(1,2,7)              120.5207         -DE/DX =    0.0                 !
 ! A6    A(4,1,5)              114.0997         -DE/DX =    0.0                 !
 ! A5    A(3,1,5)              104.3201         -DE/DX =    0.0                 !
 ! A4    A(3,1,4)              104.3202         -DE/DX =    0.0                 !
 ! A3    A(2,1,5)              117.8241         -DE/DX =    0.0                 !
 ! A2    A(2,1,4)              117.8242         -DE/DX =    0.0                 !
 ! A1    A(2,1,3)               93.8413         -DE/DX =    0.0                 !
 ! R16   R(14,17)                1.0914         -DE/DX =    0.0                 !
 ! R15   R(14,16)                1.0936         -DE/DX =    0.0                 !
 ! R14   R(14,15)                1.0873         -DE/DX =    0.0                 !
 ! R13   R(10,13)                1.0914         -DE/DX =    0.0                 !
 ! R12   R(10,12)                1.0873         -DE/DX =    0.0                 !
 ! R11   R(10,11)                1.0936         -DE/DX =    0.0                 !
 ! R10   R(6,14)                 1.4638         -DE/DX =    0.0                 !
 ! R9    R(6,10)                 1.4638         -DE/DX =    0.0                 !
 ! R8    R(6,9)                  1.3415         -DE/DX =    0.0                 !
 ! R7    R(3,9)                  1.254          -DE/DX =    0.0                 !
 ! R6    R(2,8)                  1.0834         -DE/DX =    0.0                 !
 ! R5    R(2,7)                  1.0834         -DE/DX =    0.0                 !
 ! R4    R(1,5)                  1.0856         -DE/DX =    0.0                 !
 ! R3    R(1,4)                  1.0856         -DE/DX =    0.0                 !
 ! R2    R(1,3)                  1.3616         -DE/DX =    0.0                 !
 ! R1    R(1,2)                  1.4046         -DE/DX =    0.0                 !
 --------------------------------------------------------------------------------
 ! Name  Definition              Value          Derivative Info.                !
 --------------------------                            --------------------------
                           ! (Angstroms and Degrees)  !
                           !   Optimized Parameters   !
                           ----------------------------
    -- Stationary point found.
 Optimization completed.
 Predicted change in Energy=-1.573296D-12
 RMS     Displacement     0.000004     0.001200     YES
 Maximum Displacement     0.000011     0.001800     YES
 RMS     Force            0.000000     0.000300     YES
 Maximum Force            0.000000     0.000450     YES
         Item               Value     Threshold  Converged?
   D24       -1.03167   0.00000   0.00000   0.00000   0.00000  -1.03167
   D23        1.07804  -0.00000   0.00000   0.00000   0.00000   1.07804
   D22       -3.12282  -0.00000   0.00000   0.00000   0.00000  -3.12282
   D21        3.01505   0.00000   0.00000   0.00000   0.00000   3.01506
   D20       -1.15842   0.00000   0.00000   0.00000   0.00000  -1.15842
   D19        0.92390   0.00000   0.00000   0.00000   0.00000   0.92390
   D18        1.03167   0.00000   0.00000   0.00000   0.00000   1.03167
   D17        3.12282  -0.00000   0.00000   0.00000   0.00000   3.12282
   D16       -1.07804  -0.00000   0.00000   0.00000   0.00000  -1.07804
   D15       -3.01506   0.00000   0.00000   0.00000   0.00000  -3.01506
   D14       -0.92390   0.00000   0.00000  -0.00000  -0.00000  -0.92390
   D13        1.15842  -0.00000   0.00000  -0.00000  -0.00000   1.15842
   D12       -2.01547  -0.00000   0.00000  -0.00000  -0.00000  -2.01548
   D11        2.01548  -0.00000   0.00000  -0.00000  -0.00000   2.01548
   D10       -0.00000   0.00000   0.00000   0.00000   0.00000   0.00000
    D9       -2.09434   0.00000   0.00000   0.00000   0.00000  -2.09434
    D8        2.09434   0.00000   0.00000   0.00000   0.00000   2.09434
    D7       -0.00000   0.00000   0.00000   0.00000   0.00000   0.00000
    D6       -2.59110  -0.00000   0.00000  -0.00000  -0.00000  -2.59110
    D5        0.09199  -0.00000   0.00000  -0.00000  -0.00000   0.09198
    D4       -0.09198   0.00000   0.00000  -0.00000  -0.00000  -0.09198
    D3        2.59110   0.00000   0.00000  -0.00000  -0.00000   2.59110
    D2        1.80005  -0.00000   0.00000  -0.00000  -0.00000   1.80005
    D1       -1.80005  -0.00000   0.00000  -0.00000  -0.00000  -1.80005
   A26        1.91246  -0.00000   0.00000  -0.00000  -0.00000   1.91246
   A25        1.91592  -0.00000   0.00000   0.00000   0.00000   1.91592
   A24        1.90223  -0.00000   0.00000  -0.00000  -0.00000   1.90223
   A23        1.91439  -0.00000   0.00000  -0.00000  -0.00000   1.91439
   A22        1.92771   0.00000   0.00000   0.00000   0.00000   1.92771
   A21        1.89096   0.00000   0.00000   0.00000   0.00000   1.89096
   A20        1.91592  -0.00000   0.00000  -0.00000  -0.00000   1.91592
   A19        1.91246   0.00000   0.00000   0.00000   0.00000   1.91246
   A18        1.90223   0.00000   0.00000   0.00000   0.00000   1.90223
   A17        1.91439   0.00000   0.00000   0.00000   0.00000   1.91439
   A16        1.89096  -0.00000   0.00000  -0.00000  -0.00000   1.89096
   A15        1.92771  -0.00000   0.00000  -0.00000  -0.00000   1.92771
   A14        1.69271  -0.00000   0.00000   0.00000   0.00000   1.69271
   A13        1.98419   0.00000   0.00000   0.00000   0.00000   1.98419
   A12        1.95429   0.00000   0.00000   0.00000   0.00000   1.95429
   A11        1.95429  -0.00000   0.00000  -0.00000  -0.00000   1.95429
   A10        2.60870  -0.00000   0.00000  -0.00000  -0.00000   2.60870
    A9        1.99054   0.00000   0.00000   0.00000   0.00000   1.99054
    A8        2.10349  -0.00000   0.00000  -0.00000  -0.00000   2.10348
    A7        2.10348   0.00000   0.00000   0.00000   0.00000   2.10348
    A6        1.99141  -0.00000   0.00000  -0.00000  -0.00000   1.99141
    A5        1.82073   0.00000   0.00000   0.00000   0.00000   1.82073
    A4        1.82073   0.00000   0.00000  -0.00000  -0.00000   1.82073
    A3        2.05642   0.00000   0.00000   0.00000   0.00000   2.05642
    A2        2.05642  -0.00000   0.00000  -0.00000  -0.00000   2.05642
    A1        1.63784  -0.00000   0.00000  -0.00000  -0.00000   1.63784
   R16        2.06247  -0.00000   0.00000  -0.00000  -0.00000   2.06247
   R15        2.06664   0.00000   0.00000   0.00000   0.00000   2.06664
   R14        2.05461  -0.00000   0.00000  -0.00000  -0.00000   2.05461
   R13        2.06247  -0.00000   0.00000  -0.00000  -0.00000   2.06247
   R12        2.05461  -0.00000   0.00000  -0.00000  -0.00000   2.05461
   R11        2.06664  -0.00000   0.00000  -0.00000  -0.00000   2.06664
   R10        2.76609  -0.00000   0.00000  -0.00000  -0.00000   2.76609
    R9        2.76609  -0.00000   0.00000  -0.00000  -0.00000   2.76609
    R8        2.53502   0.00000   0.00000   0.00000   0.00000   2.53502
    R7        2.36965   0.00000   0.00000  -0.00000  -0.00000   2.36965
    R6        2.04727  -0.00000   0.00000  -0.00000  -0.00000   2.04727
    R5        2.04727  -0.00000   0.00000  -0.00000  -0.00000   2.04727
    R4        2.05145   0.00000   0.00000   0.00000   0.00000   2.05145
    R3        2.05145   0.00000   0.00000  -0.00000  -0.00000   2.05145
    R2        2.57314  -0.00000   0.00000   0.00000   0.00000   2.57314
    R1        2.65433  -0.00000   0.00000  -0.00000  -0.00000   2.65433
                                 (Linear)    (Quad)   (Total)
 Variable       Old X    -DE/DX   Delta X   Delta X   Delta X     New X
 Iteration  2 RMS(Cart)=  0.00000001 RMS(Int)=  0.00000000
 Iteration  1 RMS(Cart)=  0.00000445 RMS(Int)=  0.00000000
 Linear search not attempted -- option 19 set.
 Angle between quadratic step and forces=  70.93 degrees.
   1                    0.17667  -0.14036   0.12615  -0.12615   0.09326
                          R1        A14       D2        D1        A5
   1                    0.62588  -0.55890  -0.25500   0.22550  -0.22550
                          R7        R2        A10       D6        D3
 Eigenvectors required to have negative eigenvalues:
     Eigenvalues ---    0.36389   0.41946   0.51919   0.70480   0.88215
     Eigenvalues ---    0.34810   0.34954   0.35193   0.35213   0.35519
     Eigenvalues ---    0.32940   0.33465   0.33844   0.33902   0.34654
     Eigenvalues ---    0.17383   0.19927   0.21132   0.30893   0.31807
     Eigenvalues ---    0.13887   0.14860   0.15300   0.16500   0.16656
     Eigenvalues ---    0.08838   0.09145   0.10990   0.12643   0.13193
     Eigenvalues ---    0.06000   0.06044   0.06085   0.06107   0.07486
     Eigenvalues ---    0.02349   0.03205   0.03422   0.03838   0.05704
     Eigenvalues ---   -0.06650   0.00323   0.00347   0.00450   0.01150
 ITU=  0
 Second derivative matrix not updated -- analytic derivatives used.
 Swapping is turned off.
 All quantities printed in internal units (Hartrees-Bohrs-Radians)
 Step number   1 out of a maximum of    2
 Search for a saddle point.
 Internal  Forces:  Max     0.000000407 RMS     0.000000097
 Berny optimization.
 GradGradGradGradGradGradGradGradGradGradGradGradGradGradGradGradGradGrad

 FormGI is forming the generalized inverse of G from B-inverse, IUseBI=4.
 Cartesian Forces:  Max     0.000000912 RMS     0.000000355
 -------------------------------------------------------------------
     17        1          -0.000000332    0.000000033   -0.000000380
     16        1           0.000000248   -0.000000071   -0.000000757
     15        1           0.000000152   -0.000000059   -0.000000227
     14        6          -0.000000254    0.000000093   -0.000000502
     13        1          -0.000000431    0.000000031   -0.000000511
     12        1           0.000000041   -0.000000063   -0.000000232
     11        1           0.000000136   -0.000000046   -0.000000704
     10        6           0.000000018    0.000000009   -0.000000404
      9        8           0.000000605    0.000000024    0.000000022
      8        1          -0.000000493    0.000000064    0.000000451
      7        1          -0.000000429   -0.000000143    0.000000416
      6        7           0.000000090    0.000000025   -0.000000423
      5        1           0.000000143    0.000000007    0.000000912
      4        1           0.000000162    0.000000002    0.000000889
      3        1           0.000000323    0.000000044    0.000000413
      2        6          -0.000000124    0.000000055    0.000000366
      1        6           0.000000146   -0.000000005    0.000000670
 -------------------------------------------------------------------
 Number     Number              X              Y              Z
 Center     Atomic                   Forces (Hartrees/Bohr)
 -------------------------------------------------------------------
 ***** Axes restored to original set *****
 Rotational      0.158084D+06          5.198889         11.970884
 Translational   0.330487D+08          7.519154         17.313492
 Electronic      0.100000D+01          0.000000          0.000000
 Vib (V=0)   10  0.106885D+01          0.028915          0.066580
 Vib (V=0)    9  0.108136D+01          0.033969          0.078216
 Vib (V=0)    8  0.110097D+01          0.041775          0.096190
 Vib (V=0)    7  0.114660D+01          0.059412          0.136801
 Vib (V=0)    6  0.119000D+01          0.075546          0.173951
 Vib (V=0)    5  0.135729D+01          0.132673          0.305492
 Vib (V=0)    4  0.143493D+01          0.156832          0.361119
 Vib (V=0)    3  0.147023D+01          0.167385          0.385417
 Vib (V=0)    2  0.151028D+01          0.179058          0.412297
 Vib (V=0)    1  0.231645D+01          0.364822          0.840034
 Vib (V=0)       0.201496D+02          1.304267          3.003186
 Vib (Bot)   10  0.271267D+00         -0.566602         -1.304650
 Vib (Bot)    9  0.296606D+00         -0.527820         -1.215352
 Vib (Bot)    8  0.333410D+00         -0.477021         -1.098381
 Vib (Bot)    7  0.409989D+00         -0.387227         -0.891624
 Vib (Bot)    6  0.475496D+00         -0.322853         -0.743397
 Vib (Bot)    5  0.696383D+00         -0.157152         -0.361855
 Vib (Bot)    4  0.790001D+00         -0.102372         -0.235721
 Vib (Bot)    3  0.831469D+00         -0.080154         -0.184561
 Vib (Bot)    2  0.877878D+00         -0.056566         -0.130247
 Vib (Bot)    1  0.174628D+01          0.242113          0.557485
 Vib (Bot)       0.895482D-66        -66.047943       -152.081009
 Total V=0       0.105271D+15         14.022310         32.287562
 Total Bot       0.467842D-53        -53.329900       -122.796634
                       Q            Log10(Q)             Ln(Q)
 Vibration    10          0.924              1.100              0.508
 Vibration     9          0.891              1.170              0.574
 Vibration     8          0.851              1.261              0.671
 Vibration     7          0.788              1.413              0.871
 Vibration     6          0.750              1.512              1.038
 Vibration     5          0.678              1.717              1.555
 Vibration     4          0.661              1.767              1.749
 Vibration     3          0.655              1.785              1.831
 Vibration     2          0.650              1.803              1.920
 Vibration     1          0.608              1.935              3.148
 Vibrational             94.704             21.372             15.423
 Rotational               0.889              2.981             26.769
 Translational            0.889              2.981             39.373
 Electronic               0.000              0.000              0.000
 Total                   96.481             27.333             81.566
                      KCal/Mol        Cal/Mol-Kelvin    Cal/Mol-Kelvin
                     E (Thermal)             CV                S
 
 Sum of electronic and thermal Free Energies=         -288.902919
 Sum of electronic and thermal Enthalpies=            -288.864165
 Sum of electronic and thermal Energies=              -288.865109
 Sum of electronic and zero-point Energies=           -288.872434
 Thermal correction to Gibbs Free Energy=         0.115943
 Thermal correction to Enthalpy=                  0.154697
 Thermal correction to Energy=                    0.153753
 Zero-point correction=                           0.146428 (Hartree/Particle)
 
                             4518.38  4521.41  4560.10  4611.80
                             4355.72  4442.99  4450.44  4463.43  4497.92
                             2147.66  2169.61  2220.22  2438.40  4347.11
                             2055.44  2090.85  2115.40  2119.49  2140.47
                             1776.88  1815.14  1818.39  1889.88  1893.56
                             1459.93  1545.20  1560.23  1586.29  1725.04
                              909.51  1177.42  1242.62  1331.99  1430.44
          (Kelvin)            547.01   613.25   712.32   771.35   817.66
 Vibrational temperatures:    168.48   323.52   339.88   355.90   397.94
           vibrations may cause significant error
 Warning -- explicit consideration of  10 degrees of freedom as
                                   91.88505 (Kcal/Mol)
 Zero-point vibrational energy     384447.0 (Joules/Mol)
    1 imaginary frequencies ignored.
 Rotational constants (GHZ):           4.80361     2.52848     2.48160
 Rotational temperatures (Kelvin)      0.23054     0.12135     0.11910
 Rotational symmetry number  1.
 This molecule is an asymmetric top.
           Z            0.02552  -0.00001   0.99967
           Y           -0.00000   1.00000   0.00001
           X            0.99967   0.00000  -0.02552
     Eigenvalues --   375.70548 713.76594 727.24898
                           1         2         3
 Principal axes and moments of inertia in atomic units:
 Molecular mass:    89.08406 amu.
 Atom    17 has atomic number  1 and mass   1.00783
 Atom    16 has atomic number  1 and mass   1.00783
 Atom    15 has atomic number  1 and mass   1.00783
 Atom    14 has atomic number  6 and mass  12.00000
 Atom    13 has atomic number  1 and mass   1.00783
 Atom    12 has atomic number  1 and mass   1.00783
 Atom    11 has atomic number  1 and mass   1.00783
 Atom    10 has atomic number  6 and mass  12.00000
 Atom     9 has atomic number  8 and mass  15.99491
 Atom     8 has atomic number  1 and mass   1.00783
 Atom     7 has atomic number  1 and mass   1.00783
 Atom     6 has atomic number  7 and mass  14.00307
 Atom     5 has atomic number  1 and mass   1.00783
 Atom     4 has atomic number  1 and mass   1.00783
 Atom     3 has atomic number  1 and mass   1.00783
 Atom     2 has atomic number  6 and mass  12.00000
 Atom     1 has atomic number  6 and mass  12.00000
 Temperature   298.150 Kelvin.  Pressure   1.00000 Atm.
 -------------------
 - Thermochemistry -
 -------------------

    17   1     0.05  -0.01  -0.26     0.00   0.00  -0.00    -0.00  -0.00   0.01
    16   1     0.08  -0.01   0.06    -0.00  -0.00  -0.00     0.00   0.00   0.00
    15   1     0.38   0.50  -0.15    -0.00  -0.00   0.00     0.01   0.01  -0.00
    14   6    -0.04  -0.04   0.03     0.00  -0.00   0.00    -0.00  -0.00  -0.00
    13   1     0.05   0.01  -0.26    -0.00   0.00   0.00     0.00  -0.00  -0.01
    12   1     0.38  -0.50  -0.15     0.00  -0.00  -0.00    -0.01   0.01   0.00
    11   1     0.08   0.01   0.06     0.00  -0.00   0.00    -0.00   0.00  -0.00
    10   6    -0.04   0.04   0.03    -0.00  -0.00  -0.00     0.00  -0.00   0.00
     9   8     0.00   0.00  -0.00     0.00   0.00  -0.00    -0.00  -0.00   0.00
     8   1    -0.00   0.00   0.00     0.04  -0.21  -0.13    -0.12   0.55   0.34
     7   1    -0.00  -0.00   0.00    -0.04  -0.21   0.13     0.12   0.55  -0.34
     6   7    -0.00  -0.00   0.00    -0.00  -0.00  -0.00    -0.00   0.00   0.00
     5   1     0.00  -0.00  -0.00    -0.34   0.55   0.12    -0.13   0.21   0.05
     4   1     0.00   0.00  -0.00     0.34   0.55  -0.12     0.13   0.21  -0.05
     3   1     0.01  -0.00  -0.00     0.00  -0.01  -0.00     0.00  -0.00   0.00
     2   6     0.00   0.00  -0.00    -0.00   0.04   0.00     0.00  -0.09  -0.00
     1   6    -0.00   0.00  -0.00     0.00  -0.09  -0.00     0.00  -0.04  -0.00
  Atom  AN      X      Y      Z        X      Y      Z        X      Y      Z
 IR Inten    --     12.0257                 3.5357                21.4897
 Frc consts  --      6.4122                 6.5886                 6.7560
 Red. masses --      1.1020                 1.1132                 1.1160
 Frequencies --   3142.5404              3169.4301              3205.3605
                      A                      A                      A
                     43                     44                     45
    17   1     0.00  -0.00  -0.02     0.00  -0.00  -0.02     0.04  -0.01  -0.23
    16   1    -0.01   0.00  -0.01     0.00  -0.00   0.00     0.08  -0.01   0.07
    15   1    -0.00  -0.01   0.00    -0.00  -0.00   0.00     0.38   0.51  -0.16
    14   6     0.00   0.00   0.00    -0.00   0.00   0.00    -0.04  -0.04   0.03
    13   1     0.00   0.00  -0.02     0.00   0.00  -0.02    -0.04  -0.01   0.23
    12   1    -0.00   0.01   0.00    -0.00   0.00   0.00    -0.38   0.51   0.16
    11   1    -0.01  -0.00  -0.01     0.00   0.00   0.00    -0.08  -0.01  -0.07
    10   6     0.00  -0.00   0.00    -0.00  -0.00   0.00     0.04  -0.04  -0.03
     9   8     0.00   0.00  -0.00     0.00  -0.00  -0.00    -0.00   0.00   0.00
     8   1     0.02  -0.12  -0.07     0.12  -0.59  -0.34     0.00  -0.01  -0.00
     7   1     0.02   0.12  -0.07     0.12   0.59  -0.34    -0.00  -0.01   0.00
     6   7     0.00  -0.00   0.00     0.00   0.00  -0.00    -0.00  -0.00  -0.00
     5   1     0.34  -0.59  -0.13    -0.07   0.12   0.03     0.00  -0.00  -0.00
     4   1     0.34   0.59  -0.13    -0.07  -0.12   0.03    -0.00  -0.00   0.00
     3   1    -0.01  -0.00   0.00    -0.01   0.00  -0.01    -0.00  -0.00  -0.00
     2   6    -0.00  -0.00   0.01    -0.02  -0.00   0.06    -0.00   0.00   0.00
     1   6    -0.06  -0.00   0.02     0.01   0.00  -0.01     0.00   0.00   0.00
  Atom  AN      X      Y      Z        X      Y      Z        X      Y      Z
 IR Inten    --     14.9350                17.6391                 6.8917
 Frc consts  --      5.9707                 6.0992                 6.3961
 Red. masses --      1.0530                 1.0592                 1.1007
 Frequencies --   3102.2413              3126.2120              3140.4304
                      A                      A                      A
                     40                     41                     42
    17   1     0.07  -0.00  -0.35     0.12  -0.00  -0.53    -0.12   0.00   0.54
    16   1     0.47  -0.02   0.30    -0.36   0.01  -0.22     0.35  -0.02   0.21
    15   1    -0.14  -0.18   0.05    -0.07  -0.10   0.05     0.09   0.13  -0.05
    14   6    -0.03   0.02  -0.00     0.03   0.01   0.06    -0.03  -0.01  -0.06
    13   1     0.07   0.00  -0.35    -0.12  -0.00   0.53    -0.12  -0.00   0.54
    12   1    -0.14   0.18   0.05     0.07  -0.10  -0.05     0.09  -0.13  -0.05
    11   1     0.47   0.02   0.30     0.36   0.01   0.22     0.35   0.02   0.21
    10   6    -0.03  -0.02  -0.00    -0.03   0.01  -0.06    -0.03   0.01  -0.06
     9   8     0.00   0.00  -0.00    -0.00   0.00   0.00     0.00  -0.00   0.00
     8   1    -0.00   0.01   0.00    -0.00   0.01   0.00     0.00  -0.01  -0.01
     7   1    -0.00  -0.01   0.00     0.00   0.01  -0.00     0.00   0.01  -0.01
     6   7    -0.00   0.00  -0.00    -0.00  -0.00  -0.00    -0.00   0.00  -0.00
     5   1    -0.00   0.00  -0.00     0.00  -0.00  -0.00     0.01  -0.02  -0.00
     4   1    -0.00  -0.00  -0.00    -0.00  -0.00   0.00     0.01   0.02  -0.00
     3   1    -0.00  -0.00  -0.00    -0.00   0.00  -0.00    -0.00  -0.00  -0.00
     2   6     0.00  -0.00  -0.00    -0.00  -0.00   0.00    -0.00  -0.00   0.00
     1   6    -0.00  -0.00   0.00    -0.00  -0.00   0.00    -0.00  -0.00   0.00
  Atom  AN      X      Y      Z        X      Y      Z        X      Y      Z
 IR Inten    --     71.7639                 0.1225                38.1980
 Frc consts  --      5.6049                 6.1901                 6.1977
 Red. masses --      1.0380                 1.1018                 1.0994
 Frequencies --   3027.3766              3088.0330              3093.2113
                      A                      A                      A
                     37                     38                     39
    17   1    -0.05   0.05  -0.01    -0.02   0.01  -0.00    -0.07   0.00   0.38
    16   1    -0.04  -0.07   0.06    -0.01   0.00   0.01    -0.46   0.02  -0.29
    15   1     0.07  -0.03   0.06     0.02  -0.01  -0.00     0.14   0.18  -0.05
    14   6    -0.00   0.00  -0.00    -0.00   0.00   0.00     0.03  -0.02  -0.00
    13   1    -0.05  -0.05  -0.01    -0.02  -0.01  -0.00     0.07   0.00  -0.38
    12   1     0.07   0.03   0.06     0.02   0.01  -0.00    -0.14   0.18   0.05
    11   1    -0.04   0.07   0.06    -0.01  -0.00   0.01     0.46   0.02   0.29
    10   6    -0.00  -0.00  -0.00    -0.00  -0.00   0.00    -0.03  -0.02   0.00
     9   8     0.00   0.00   0.01    -0.01   0.00  -0.01     0.00  -0.00   0.00
     8   1     0.16   0.35  -0.36     0.03   0.01  -0.00     0.00  -0.00  -0.00
     7   1     0.16  -0.35  -0.36     0.03  -0.01  -0.00    -0.00  -0.00   0.00
     6   7     0.01   0.00  -0.02     0.04   0.00  -0.03    -0.00  -0.00  -0.00
     5   1    -0.27  -0.28   0.14     0.04  -0.00   0.07     0.00  -0.00   0.00
     4   1    -0.27   0.28   0.14     0.04   0.00   0.07    -0.00  -0.00  -0.00
     3   1    -0.07   0.00  -0.14    -0.46  -0.00   0.88    -0.00   0.00  -0.00
     2   6    -0.08  -0.00   0.14    -0.01  -0.00  -0.00     0.00   0.00  -0.00
     1   6     0.10   0.00  -0.09     0.01   0.00  -0.04    -0.00   0.00   0.00
  Atom  AN      X      Y      Z        X      Y      Z        X      Y      Z
 IR Inten    --     29.2738                26.5500                20.9173
 Frc consts  --      2.0777                 1.7980                 5.5753
 Red. masses --      1.4809                 1.0625                 1.0366
 Frequencies --   1543.1313              1694.7735              3021.3949
                      A                      A                      A
                     34                     35                     36
    17   1     0.43   0.21   0.09    -0.22   0.15  -0.07    -0.18   0.19  -0.06
    16   1     0.13  -0.21  -0.27    -0.21  -0.31   0.31    -0.20  -0.31   0.27
    15   1    -0.00   0.09   0.34     0.32  -0.14   0.24     0.32  -0.13   0.28
    14   6    -0.03  -0.00  -0.01     0.01   0.01  -0.03     0.00   0.02  -0.03
    13   1     0.43  -0.21   0.09     0.22   0.15   0.07    -0.18  -0.19  -0.06
    12   1    -0.00  -0.09   0.34    -0.32  -0.14  -0.24     0.32   0.13   0.28
    11   1     0.13   0.21  -0.27     0.21  -0.31  -0.31    -0.20   0.31   0.27
    10   6    -0.03   0.00  -0.01    -0.01   0.01   0.03     0.00  -0.02  -0.03
     9   8     0.00   0.00  -0.00    -0.00  -0.00   0.00    -0.00   0.00   0.01
     8   1    -0.01   0.00  -0.00    -0.00   0.00  -0.01    -0.01  -0.04   0.04
     7   1    -0.01  -0.00  -0.00     0.00   0.00   0.01    -0.01   0.04   0.04
     6   7    -0.03  -0.00  -0.00    -0.00   0.03  -0.00     0.01  -0.00  -0.03
     5   1    -0.01  -0.01   0.01     0.00   0.00   0.00     0.07   0.07  -0.04
     4   1    -0.01   0.01   0.01    -0.00   0.00  -0.00     0.07  -0.07  -0.04
     3   1    -0.01  -0.00   0.04     0.00   0.02  -0.00     0.01   0.00  -0.04
     2   6     0.00   0.00  -0.00     0.00  -0.00  -0.00     0.01   0.00  -0.02
     1   6     0.00   0.00  -0.00    -0.00   0.00   0.00    -0.02  -0.00   0.02
  Atom  AN      X      Y      Z        X      Y      Z        X      Y      Z
 IR Inten    --      9.3399                 4.7931                 4.8828
 Frc consts  --      1.3652                 1.3751                 1.4233
 Red. masses --      1.0469                 1.0475                 1.0623
 Frequencies --   1487.7028              1492.6965              1507.9546
                      A                      A                      A
                     31                     32                     33
    17   1     0.12  -0.42   0.06     0.02   0.01   0.00    -0.41  -0.26  -0.08
    16   1     0.06  -0.30  -0.16     0.01   0.04  -0.02    -0.10   0.20   0.22
    15   1     0.28  -0.23  -0.20    -0.04   0.02  -0.00    -0.02  -0.08  -0.39
    14   6    -0.04   0.08   0.02     0.00  -0.01   0.00     0.04   0.01   0.02
    13   1     0.12   0.42   0.06     0.02  -0.01   0.00     0.41  -0.26   0.08
    12   1     0.28   0.23  -0.20    -0.04  -0.02  -0.00     0.02  -0.08   0.39
    11   1     0.06   0.30  -0.16     0.01  -0.04  -0.02     0.10   0.20  -0.22
    10   6    -0.04  -0.08   0.02     0.00   0.01   0.00    -0.04   0.01  -0.02
     9   8     0.01   0.00  -0.01     0.00  -0.00  -0.00    -0.00  -0.00   0.00
     8   1    -0.01   0.02  -0.04     0.16   0.25  -0.32     0.01   0.00  -0.00
     7   1    -0.01  -0.02  -0.04     0.16  -0.25  -0.32    -0.01   0.00   0.01
     6   7    -0.01   0.00   0.01     0.00   0.00   0.00    -0.00   0.01  -0.00
     5   1     0.01   0.01  -0.01     0.39   0.32  -0.21     0.01   0.00   0.02
     4   1     0.01  -0.01  -0.01     0.39  -0.32  -0.21    -0.01   0.00  -0.02
     3   1    -0.00   0.00   0.01    -0.03   0.00  -0.01     0.00   0.04   0.00
     2   6     0.01  -0.00   0.00    -0.04  -0.00   0.05     0.00  -0.00  -0.00
     1   6    -0.01  -0.00   0.01    -0.06  -0.00   0.04     0.00   0.00  -0.00
  Atom  AN      X      Y      Z        X      Y      Z        X      Y      Z
 IR Inten    --      3.6098                 2.1583                 1.9665
 Frc consts  --      1.4830                 1.4070                 1.3403
 Red. masses --      1.1919                 1.1047                 1.0483
 Frequencies --   1453.2121              1470.2782              1473.1168
                      A                      A                      A
                     28                     29                     30
    17   1     0.01  -0.27  -0.07     0.02   0.03   0.01    -0.16   0.40  -0.06
    16   1    -0.11  -0.13   0.20     0.02   0.00  -0.03    -0.08   0.31   0.18
    15   1    -0.13   0.24   0.18     0.00  -0.01   0.00    -0.28   0.23   0.19
    14   6     0.07   0.02  -0.08     0.00  -0.02   0.00     0.04  -0.07  -0.02
    13   1     0.01   0.27  -0.07    -0.02   0.03  -0.01     0.16   0.40   0.06
    12   1    -0.13  -0.24   0.18    -0.00  -0.01  -0.00     0.28   0.23  -0.19
    11   1    -0.11   0.13   0.20    -0.02   0.00   0.03     0.08   0.31  -0.18
    10   6     0.07  -0.02  -0.08    -0.00  -0.02  -0.00    -0.04  -0.07   0.02
     9   8     0.02  -0.00  -0.09    -0.00  -0.02   0.00    -0.00   0.00   0.00
     8   1     0.05   0.08  -0.23     0.17   0.02  -0.03     0.01   0.00  -0.00
     7   1     0.05  -0.08  -0.23    -0.17   0.02   0.03    -0.01   0.00   0.00
     6   7    -0.14   0.00   0.20     0.00   0.03  -0.00    -0.00  -0.01  -0.00
     5   1    -0.15  -0.06   0.06     0.13  -0.01   0.37    -0.01  -0.00  -0.00
     4   1    -0.15   0.06   0.06    -0.13  -0.01  -0.37     0.01  -0.00   0.00
     3   1     0.28   0.00   0.37    -0.00   0.78  -0.00     0.00  -0.02   0.00
     2   6     0.05  -0.00  -0.06    -0.00  -0.04   0.00    -0.00  -0.00  -0.00
     1   6    -0.04  -0.00   0.05     0.00  -0.01  -0.00     0.00   0.00  -0.00
  Atom  AN      X      Y      Z        X      Y      Z        X      Y      Z
 IR Inten    --    111.8782                11.6745                 0.7138
 Frc consts  --      2.3208                 1.0735                 1.4107
 Red. masses --      2.2830                 1.0519                 1.1731
 Frequencies --   1313.5303              1316.0899              1428.5997
                      A                      A                      A
                     25                     26                     27
    17   1     0.00   0.02   0.00    -0.01   0.27   0.03     0.05   0.13   0.04
    16   1     0.01   0.00  -0.02     0.18   0.03  -0.21    -0.00   0.20  -0.04
    15   1     0.02  -0.04  -0.02     0.18  -0.33  -0.20     0.11  -0.15  -0.04
    14   6    -0.00  -0.01   0.00     0.02  -0.15   0.05    -0.06  -0.02   0.02
    13   1    -0.00   0.02  -0.00     0.01   0.27  -0.03     0.05  -0.13   0.04
    12   1    -0.02  -0.04   0.02    -0.18  -0.33   0.20     0.11   0.15  -0.04
    11   1    -0.01   0.00   0.02    -0.18   0.04   0.21    -0.00  -0.20  -0.04
    10   6     0.00  -0.01  -0.00    -0.02  -0.15  -0.05    -0.06   0.02   0.02
     9   8    -0.00   0.01   0.00     0.00  -0.05  -0.00    -0.02  -0.00   0.03
     8   1     0.31   0.11  -0.29    -0.22  -0.02  -0.02     0.11   0.13  -0.40
     7   1    -0.31   0.11   0.29     0.22  -0.02   0.02     0.11  -0.13  -0.40
     6   7     0.00   0.03   0.00    -0.00   0.33   0.00     0.10   0.00  -0.05
     5   1    -0.29  -0.10   0.31    -0.01   0.01  -0.17    -0.31  -0.10   0.17
     4   1     0.29  -0.10  -0.31     0.01   0.01   0.17    -0.31   0.10   0.17
     3   1     0.00  -0.43  -0.00    -0.00  -0.10  -0.00     0.22  -0.00   0.11
     2   6     0.00  -0.13  -0.00    -0.00   0.01   0.00     0.13   0.00  -0.14
     1   6    -0.00   0.15   0.00     0.00  -0.02  -0.00    -0.12  -0.00   0.16
  Atom  AN      X      Y      Z        X      Y      Z        X      Y      Z
 IR Inten    --      1.6602                 1.4246                63.2291
 Frc consts  --      1.3132                 2.8372                 1.9981
 Red. masses --      1.4613                 3.0256                 2.1232
 Frequencies --   1234.9905              1261.5887              1263.8475
                      A                      A                      A
                     22                     23                     24
    17   1     0.14  -0.38  -0.04     0.28  -0.17   0.01     0.31  -0.16   0.01
    16   1    -0.11  -0.05   0.13    -0.19   0.47   0.17    -0.19   0.41   0.17
    15   1    -0.23   0.36   0.19     0.22  -0.18   0.11     0.21  -0.16   0.15
    14   6     0.02   0.09  -0.07    -0.07  -0.02  -0.07    -0.08  -0.02  -0.08
    13   1     0.14   0.38  -0.04    -0.28  -0.17  -0.01     0.31   0.16   0.01
    12   1    -0.23  -0.36   0.19    -0.22  -0.18  -0.11     0.21   0.16   0.15
    11   1    -0.11   0.05   0.13     0.19   0.47  -0.17    -0.19  -0.41   0.17
    10   6     0.02  -0.09  -0.07     0.07  -0.02   0.07    -0.08   0.02  -0.08
     9   8    -0.07  -0.00   0.17     0.00   0.01   0.00    -0.01   0.00  -0.02
     8   1     0.04   0.00  -0.01    -0.06  -0.00  -0.03    -0.11  -0.03   0.06
     7   1     0.04  -0.00  -0.01     0.06  -0.00   0.03    -0.11   0.03   0.06
     6   7     0.09   0.00  -0.11    -0.00   0.02  -0.00     0.10  -0.00   0.10
     5   1     0.03   0.01   0.13    -0.01  -0.00  -0.00     0.04   0.01  -0.09
     4   1     0.03  -0.01   0.13     0.01  -0.00   0.00     0.04  -0.01  -0.09
     3   1    -0.17   0.00  -0.15    -0.00   0.03  -0.00     0.04   0.00  -0.02
     2   6     0.01   0.00  -0.02    -0.00  -0.01  -0.00    -0.02  -0.00   0.04
     1   6    -0.03  -0.00   0.01    -0.00  -0.00   0.00     0.04  -0.00  -0.04
  Atom  AN      X      Y      Z        X      Y      Z        X      Y      Z
 IR Inten    --     45.8043                 0.3175                 1.3335
 Frc consts  --      1.4348                 0.8859                 1.3599
 Red. masses --      2.0709                 1.2369                 1.6056
 Frequencies --   1084.4145              1102.5281              1198.9654
                      A                      A                      A
                     19                     20                     21
    17   1     0.02   0.01   0.00    -0.15   0.45   0.06     0.05  -0.03   0.00
    16   1    -0.01   0.04   0.01     0.04   0.20  -0.11    -0.02   0.04   0.01
    15   1     0.05  -0.06  -0.01     0.22  -0.28  -0.16     0.04  -0.04   0.01
    14   6    -0.00  -0.02  -0.00    -0.09   0.03   0.08    -0.01  -0.01  -0.01
    13   1     0.02  -0.01   0.00     0.15   0.45  -0.06     0.05   0.03   0.00
    12   1     0.05   0.06  -0.01    -0.22  -0.28   0.16     0.04   0.04   0.01
    11   1    -0.01  -0.04   0.01    -0.04   0.20   0.11    -0.02  -0.04   0.01
    10   6    -0.00   0.02  -0.00     0.09   0.03  -0.08    -0.01   0.01  -0.01
     9   8     0.03   0.00  -0.01    -0.00  -0.00   0.00     0.00   0.00  -0.01
     8   1     0.03   0.00  -0.01     0.16  -0.00   0.10     0.65  -0.03   0.24
     7   1     0.03  -0.00  -0.01    -0.16  -0.00  -0.10     0.65   0.03   0.24
     6   7    -0.03   0.00   0.04    -0.00  -0.12  -0.00    -0.02  -0.00   0.01
     5   1     0.25   0.04   0.61     0.07   0.03   0.01    -0.03  -0.02   0.03
     4   1     0.25  -0.04   0.61    -0.07   0.03  -0.01    -0.03   0.02   0.03
     3   1    -0.18   0.00  -0.22    -0.00  -0.06  -0.00    -0.06  -0.00  -0.05
     2   6     0.05  -0.00  -0.00     0.00   0.02   0.00    -0.09   0.00  -0.06
     1   6    -0.10   0.00  -0.10    -0.00  -0.01  -0.00     0.01  -0.00   0.04
  Atom  AN      X      Y      Z        X      Y      Z        X      Y      Z
 IR Inten    --     18.0290                 2.1298                 5.3719
 Frc consts  --      0.7575                 0.9433                 0.7953
 Red. masses --      1.3008                 1.5550                 1.1703
 Frequencies --    994.2080              1014.6994              1073.9653
                      A                      A                      A
                     16                     17                     18
    17   1    -0.02   0.02   0.00     0.20  -0.24  -0.06    -0.06   0.10   0.01
    16   1    -0.00   0.00  -0.00     0.05   0.01  -0.01     0.00   0.01  -0.01
    15   1    -0.01   0.02  -0.00     0.26  -0.36  -0.08    -0.01   0.01  -0.02
    14   6    -0.01   0.02   0.01     0.10  -0.24  -0.08    -0.02   0.03   0.02
    13   1     0.02   0.02  -0.00     0.20   0.24  -0.06     0.06   0.10  -0.01
    12   1     0.01   0.02   0.00     0.26   0.36  -0.08     0.01   0.01   0.02
    11   1     0.00   0.00   0.00     0.05  -0.01  -0.01    -0.00   0.01   0.01
    10   6     0.01   0.02  -0.01     0.10   0.24  -0.08     0.02   0.03  -0.02
     9   8     0.00  -0.01  -0.00    -0.05  -0.00   0.25    -0.00  -0.02   0.00
     8   1     0.08   0.23  -0.47    -0.10   0.01  -0.11    -0.57  -0.04  -0.21
     7   1    -0.08   0.23   0.47    -0.10  -0.01  -0.11     0.57  -0.04   0.21
     6   7     0.00  -0.01   0.00    -0.21   0.00  -0.07    -0.00  -0.04  -0.00
     5   1     0.16   0.17  -0.38     0.04  -0.00  -0.06    -0.24  -0.14   0.09
     4   1    -0.16   0.17   0.38     0.04   0.00  -0.06     0.24  -0.14  -0.09
     3   1    -0.00   0.19   0.00     0.09  -0.00   0.22     0.00   0.23   0.00
     2   6    -0.00  -0.08  -0.00    -0.02   0.00  -0.05    -0.00  -0.05  -0.00
     1   6     0.00  -0.02  -0.00     0.06  -0.00  -0.01     0.00   0.03   0.00
  Atom  AN      X      Y      Z        X      Y      Z        X      Y      Z
 IR Inten    --      2.0229                29.7196                 2.6062
 Frc consts  --      0.4288                 1.8926                 0.5611
 Red. masses --      1.0868                 4.3065                 1.1111
 Frequencies --    818.3502               863.6625               925.7826
                      A                      A                      A
                     13                     14                     15
    17   1     0.02  -0.02   0.02    -0.03   0.19   0.02     0.05   0.07   0.08
    16   1    -0.01   0.02   0.03    -0.05   0.24   0.02    -0.14   0.35   0.16
    15   1     0.01   0.00   0.03     0.07   0.02  -0.03     0.04   0.05   0.07
    14   6     0.00   0.00   0.01    -0.05   0.12   0.02    -0.08   0.13   0.05
    13   1    -0.02  -0.02  -0.02    -0.03  -0.19   0.02     0.05  -0.07   0.08
    12   1    -0.01   0.00  -0.03     0.07  -0.02  -0.03     0.04  -0.05   0.07
    11   1     0.01   0.02  -0.03    -0.05  -0.24   0.02    -0.14  -0.35   0.16
    10   6    -0.00   0.00  -0.01    -0.05  -0.12   0.02    -0.08  -0.13   0.05
     9   8    -0.00  -0.07  -0.00    -0.08   0.00   0.02     0.40  -0.00   0.18
     8   1     0.22   0.00   0.14    -0.10  -0.00  -0.19    -0.00   0.00  -0.09
     7   1    -0.22   0.00  -0.14    -0.10   0.00  -0.19    -0.00  -0.00  -0.09
     6   7    -0.00  -0.00  -0.00    -0.13   0.00  -0.01    -0.16   0.00  -0.07
     5   1    -0.46  -0.17  -0.33     0.40   0.00   0.27    -0.15  -0.00  -0.25
     4   1     0.46  -0.17   0.33     0.40  -0.00   0.27    -0.15   0.01  -0.25
     3   1     0.00   0.38   0.00     0.18  -0.00   0.07     0.24  -0.00   0.22
     2   6     0.00   0.04  -0.00    -0.01   0.00  -0.16    -0.07   0.00  -0.10
     1   6     0.00   0.04   0.00     0.32  -0.00   0.08    -0.11   0.00  -0.17
  Atom  AN      X      Y      Z        X      Y      Z        X      Y      Z
 IR Inten    --      2.0653                 6.8052                 7.7431
 Frc consts  --      0.1901                 0.6092                 1.2809
 Red. masses --      1.1223                 3.2015                 5.4404
 Frequencies --    536.1180               568.3053               632.1426
                      A                      A                      A
                     10                     11                     12
    17   1     0.17   0.32  -0.05    -0.10   0.39  -0.13     0.08   0.13  -0.13
    16   1     0.06   0.31  -0.02     0.10  -0.19  -0.24     0.15  -0.10  -0.18
    15   1     0.27  -0.04  -0.21     0.02  -0.02  -0.33     0.22  -0.24  -0.29
    14   6     0.08   0.14  -0.07     0.02   0.05  -0.10     0.11  -0.11  -0.12
    13   1     0.17  -0.32  -0.05    -0.10  -0.39  -0.13    -0.08   0.13   0.13
    12   1     0.27   0.04  -0.21     0.02   0.02  -0.33    -0.22  -0.24   0.29
    11   1     0.06  -0.31  -0.02     0.10   0.19  -0.24    -0.15  -0.10   0.18
    10   6     0.08  -0.14  -0.07     0.02  -0.05  -0.10    -0.11  -0.11   0.12
     9   8    -0.11   0.00   0.01    -0.02  -0.00   0.17    -0.00   0.27   0.00
     8   1     0.14   0.01   0.17    -0.03  -0.01  -0.07    -0.02   0.09  -0.10
     7   1     0.14  -0.01   0.17    -0.03   0.01  -0.07     0.02   0.09   0.10
     6   7    -0.13   0.00  -0.03     0.11  -0.00   0.24     0.00  -0.14   0.00
     5   1    -0.10   0.01  -0.07    -0.04  -0.01  -0.06    -0.18  -0.08  -0.11
     4   1    -0.10  -0.01  -0.07    -0.04   0.01  -0.06     0.18  -0.08   0.11
     3   1     0.03  -0.00   0.11    -0.16   0.00  -0.06    -0.00   0.29   0.00
     2   6     0.13  -0.00   0.18    -0.10   0.00  -0.11    -0.00   0.03  -0.00
     1   6    -0.10   0.00  -0.01    -0.02   0.00  -0.06     0.00   0.01   0.00
  Atom  AN      X      Y      Z        X      Y      Z        X      Y      Z
 IR Inten    --     31.4081                25.2538                 8.9713
 Frc consts  --      0.2364                 0.3162                 0.4751
 Red. masses --      2.7755                 2.9545                 3.2900
 Frequencies --    380.1943               426.2299               495.0890
                      A                      A                      A
                      7                      8                      9
    17   1    -0.04  -0.19   0.06     0.38   0.16   0.08    -0.08   0.07  -0.04
    16   1     0.19   0.19  -0.03    -0.19  -0.17   0.33    -0.22  -0.28   0.01
    15   1     0.24  -0.06   0.33    -0.13  -0.01  -0.35    -0.32   0.02  -0.24
    14   6     0.11  -0.03   0.09     0.02  -0.01   0.01    -0.16  -0.05  -0.06
    13   1     0.04  -0.19  -0.06     0.38  -0.16   0.08    -0.08  -0.07  -0.04
    12   1    -0.24  -0.06  -0.33    -0.13   0.01  -0.35    -0.32  -0.02  -0.24
    11   1    -0.19   0.19   0.03    -0.19   0.17   0.33    -0.22   0.28   0.01
    10   6    -0.11  -0.03  -0.09     0.02   0.01   0.01    -0.16   0.05  -0.06
     9   8    -0.00  -0.05  -0.00     0.02  -0.00  -0.03     0.02  -0.00   0.06
     8   1    -0.05   0.30  -0.21    -0.08  -0.00  -0.01     0.26   0.01   0.08
     7   1     0.05   0.30   0.22    -0.08   0.00  -0.01     0.26  -0.01   0.08
     6   7    -0.00  -0.06  -0.00     0.00  -0.00  -0.03    -0.02  -0.00   0.02
     5   1     0.01  -0.03   0.16    -0.00  -0.00   0.05     0.09   0.01  -0.08
     4   1    -0.01  -0.03  -0.16    -0.00   0.00   0.05     0.09  -0.01  -0.08
     3   1    -0.00  -0.09  -0.00    -0.03  -0.00  -0.02     0.22  -0.00   0.14
     2   6     0.00   0.18   0.00    -0.06   0.00  -0.01     0.25  -0.00   0.09
     1   6    -0.00  -0.00  -0.00    -0.01   0.00   0.04     0.09   0.00  -0.06
  Atom  AN      X      Y      Z        X      Y      Z        X      Y      Z
 IR Inten    --      0.0284                 1.8881                20.1823
 Frc consts  --      0.0629                 0.0398                 0.1197
 Red. masses --      1.9125                 1.1040                 2.6549
 Frequencies --    236.2269               247.3599               276.5812
                      A                      A                      A
                      4                      5                      6
    17   1    -0.00   0.01   0.01     0.06   0.04  -0.04    -0.42  -0.15  -0.13
    16   1     0.03  -0.05  -0.01     0.16   0.14  -0.09     0.15   0.12  -0.37
    15   1    -0.01   0.00  -0.01     0.23  -0.04   0.02     0.07   0.03   0.30
    14   6     0.01   0.00   0.01     0.12   0.03  -0.03    -0.05   0.01  -0.05
    13   1    -0.00  -0.01   0.01    -0.06   0.04   0.04     0.42  -0.15   0.13
    12   1    -0.01  -0.00  -0.01    -0.23  -0.04  -0.02    -0.07   0.03  -0.30
    11   1     0.03   0.05  -0.01    -0.16   0.14   0.09    -0.15   0.12   0.37
    10   6     0.01  -0.00   0.01    -0.12   0.03   0.03     0.05   0.01   0.05
     9   8    -0.05  -0.00   0.01    -0.00  -0.10  -0.00     0.00   0.02  -0.00
     8   1     0.04  -0.00   0.06    -0.11  -0.28   0.22     0.02  -0.05   0.04
     7   1     0.04   0.00   0.06     0.11  -0.28  -0.22    -0.02  -0.05  -0.04
     6   7     0.06   0.00  -0.03     0.00  -0.05  -0.00    -0.00   0.02  -0.00
     5   1     0.09   0.02   0.13     0.19   0.37  -0.14    -0.03  -0.03  -0.03
     4   1     0.09  -0.02   0.13    -0.19   0.37   0.14     0.03  -0.03   0.03
     3   1     0.89   0.00   0.33    -0.00   0.08   0.00    -0.00   0.03  -0.00
     2   6    -0.08  -0.00   0.02    -0.00  -0.12  -0.00    -0.00  -0.03  -0.00
     1   6    -0.04   0.00  -0.08    -0.00   0.22   0.00    -0.00  -0.02   0.00
  Atom  AN      X      Y      Z        X      Y      Z        X      Y      Z
 IR Inten    --    283.3516                 0.0398                 0.1806
 Frc consts  --      0.9504                 0.0182                 0.0345
 Red. masses --      1.2787                 2.2573                 1.1580
 Frequencies --  -1123.1237               117.1023               224.8569
                      A                      A                      A
                      1                      2                      3
 and normal coordinates:
 incident light, reduced masses (AMU), force constants (mDyne/A),
 activities (A**4/AMU), depolarization ratios for plane and unpolarized
 Harmonic frequencies (cm**-1), IR intensities (KM/Mole), Raman scattering
       23.0337938       2.0650446       8.4554472
 Diagonal vibrational polarizability:
 ******    1 imaginary frequencies (negative Signs) ****** 
 Low frequencies ---    4.5596  117.1028  224.8569
 Low frequencies ----1123.1237   -3.8616   -0.0006    0.0005    0.0009    3.6264
 Full mass-weighted force constant matrix:
 Calling FoFJK, ICntrl=    100127 FMM=F ISym2X=0 I1Cent= 0 IOpClX= 0 NMat=1 NMatS=1 NMatT=0.
 LDataN:  DoStor=T MaxTD1= 8 Len=  415
 ECPInt:  NShTT=    6105 NPrTT=   17556 LenC2=    6059 LenP2D=   14552.
   1 Symmetry operations used in ECPInt.
 End of Minotr F.D. properties file   788 does not exist.
 End of Minotr F.D. properties file   722 does not exist.
 End of Minotr F.D. properties file   721 does not exist.
 Isotropic polarizability for W=    0.000000       71.12 Bohr**3.
 Solved reduced A of dimension   298 with    54 vectors.
 InvSVY:  IOpt=1 It=  1 EMax= 7.11D-15
      2 vectors produced by pass  7 Test12= 1.05D-14 1.85D-09 XBig12= 1.70D-15 8.73D-09.
      7 vectors produced by pass  6 Test12= 1.05D-14 1.85D-09 XBig12= 2.12D-12 2.17D-07.
     34 vectors produced by pass  5 Test12= 1.05D-14 1.85D-09 XBig12= 1.97D-09 8.40D-06.
     51 vectors produced by pass  4 Test12= 1.05D-14 1.85D-09 XBig12= 1.62D-06 1.77D-04.
     51 vectors produced by pass  3 Test12= 1.05D-14 1.85D-09 XBig12= 8.18D-04 4.17D-03.
     51 vectors produced by pass  2 Test12= 1.05D-14 1.85D-09 XBig12= 2.76D-01 7.94D-02.
     51 vectors produced by pass  1 Test12= 1.05D-14 1.85D-09 XBig12= 1.85D+01 9.78D-01.
 AX will form    51 AO Fock derivatives at one time.
     51 vectors produced by pass  0 Test12= 1.05D-14 1.85D-09 XBig12= 7.48D+01 6.04D+00.
          There are    54 degrees of freedom in the 1st order CPHF.  IDoFFX=6 NUNeed=     3.
 Keep R1 ints in memory in canonical form, NReq=521444664.
          Differentiating once with respect to nuclear coordinates.
                with respect to dipole field.
          Differentiating once with respect to electric field.
          IDoAtm=11111111111111111
 End of G2Drv F.D. properties file   788 does not exist.
 End of G2Drv F.D. properties file   722 does not exist.
 End of G2Drv F.D. properties file   721 does not exist.
 Calling FoFCou, ICntrl=  3107 FMM=F I1Cent=   0 AccDes= 0.00D+00.
 G2DrvN: will do    18 centers at a time, making    1 passes.
 IMax=3 JMax=2 DiffMx= 0.00D+00
 Symmetrizing basis deriv contribution to polar:
 LDataN:  DoStor=T MaxTD1= 7 Len=  274
 ECPInt:  NShTT=    6105 NPrTT=   17556 LenC2=    6059 LenP2D=   14552.
   1 Symmetry operations used in ECPInt.

 **** Warning!!: The largest alpha MO coefficient is  0.19522692D+02

 NROrb=    252 NOA=    25 NOB=    25 NVA=   227 NVB=   227
 NBasis=   252 NAE=    25 NBE=    25 NFC=     0 NFV=     0
 Range of M.O.s used for correlation:     1   252
 DoSCS=F DFT=T ScalE2(SS,OS)=  1.000000  1.000000
            NFock=  1  Conv=0.25D-08     -V/T= 2.0052
 SCF Done:  E(RB3LYP) =  -289.018861788     A.U. after    1 cycles
 No special actions if energy rises.
 Requested convergence on             energy=1.00D-06.
 Requested convergence on MAX density matrix=1.00D-06.
 Requested convergence on RMS density matrix=1.00D-08 within 128 cycles.
         Rot=    1.000000    0.000000    0.000000   -0.000000 Ang=   0.00 deg.
 B after Tr=    -0.000000   -0.000000    0.000000
 Initial guess from the checkpoint file:  "checkpoint.chk"
 NBsUse=   252 1.00D-06 EigRej= -1.00D+00 NBFU=   252
 NBasis=   252 RedAO= T EigKep=  1.86D-04  NBF=   252
 LDataN:  DoStor=T MaxTD1= 6 Len=  172
 ECPInt:  NShTT=    6105 NPrTT=   17556 LenC2=    6059 LenP2D=   14552.
   1 Symmetry operations used in ECPInt.
 One-electron integrals computed using PRISM.
 Two-electron integral symmetry is turned on.
 Raffenetti 2 integral format.
 Integral buffers will be    131072 words long.
 NAtoms=   17 NActive=   17 NUniq=   17 SFac= 1.00D+00 NAtFMM=   60 NAOKFM=F Big=F
       nuclear repulsion energy       269.1407917141 Hartrees.
    25 alpha electrons       25 beta electrons
   252 basis functions,   394 primitive gaussians,   282 cartesian basis functions
 There are   252 symmetry adapted basis functions of A   symmetry.
 There are   282 symmetry adapted cartesian basis functions of A   symmetry.
 Standard basis: def2TZVP (5D, 7F)
 Rotational constants (GHZ):           4.8036063           2.5284776           2.4816002
 ---------------------------------------------------------------------
     17          1           0        1.503416   -1.244673   -1.328160
     16          1           0        2.207372   -1.280177    0.312024
     15          1           0        0.651797   -2.076222   -0.001703
     14          6           0        1.277267   -1.225417   -0.260607
     13          1           0        1.503426    1.244676   -1.328148
     12          1           0        0.651810    2.076223   -0.001687
     11          1           0        2.207380    1.280165    0.312036
     10          6           0        1.277275    1.225415   -0.260596
      9          8           0        0.109010   -0.000005    1.334724
      8          1           0       -1.061792   -0.908830   -1.505950
      7          1           0       -1.061794    0.908861   -1.505931
      6          7           0        0.546626   -0.000000    0.066636
      5          1           0       -2.673374    0.910955    0.356890
      4          1           0       -2.673371   -0.910962    0.356876
      3          1           0       -1.117306   -0.000006    1.072844
      2          6           0       -1.240726    0.000009   -0.944094
      1          6           0       -2.119820   -0.000001    0.151407
