 Normal termination of Gaussian 16 at Fri Jun 10 22:11:14 2022.
 File lengths (MBytes):  RWF=    167 Int=      0 D2E=      0 Chk=     32 Scr=      1
 Elapsed time:       0 days  0 hours  9 minutes 22.5 seconds.
 Job cpu time:       0 days  1 hours 52 minutes 23.4 seconds.
                               -- Quentin Crisp
 of the Protestants in whom you don't believe?"
 "Yes, but is it the God of the Catholics or the God
 an atheist, a woman in the audience stood up and said,
 When I told the people of Northern Ireland that I was


 7,-0.00000139,0.00000140,0.00000052,-0.00000083\\\@
 073,0.00000080,0.00000163,-0.00000026,0.00000002,-0.00000280,0.0000033
 15,0.00000217,-0.00000063,-0.00000076,-0.00000069,-0.00000151,-0.00000
 23,0.00000224,-0.00000068,0.00000083,-0.00000068,-0.00000220,-0.000000
 0032,0.00000017,-0.00000122,0.00000065,0.00000049,-0.00000254,0.000000
 00334,-0.00000143,0.00000160,-0.00000051,-0.00000085,0.00000174,0.0000
 000334,0.00000551,0.00000179,0.00000264,-0.00000725,-0.00000281,-0.000
 0000312,0.00000577,0.00000205,-0.00000263,-0.00000743,0.00001208,-0.00
 0.00000211,0.00000033,-0.00001121,0.00000233,0.00000022,0.00001261,0.0
 ,0.00000422,0.00000138,0.00000154,-0.00000439,0.00000146,-0.00001138,-
 05,0.00634180,0.00162720,0.01293461,-0.00834253,0.05298423\\0.00000054
 6,-0.00004621,-0.00005391,-0.00034885,-0.00125503,0.00103549,-0.025586
 09351,0.00012495,0.00036172,0.00008031,0.00026049,0.00056581,0.0013715
 0000084,0.00003221,0.00007180,0.00007444,-0.00010998,0.00007203,-0.000
 0000668,-0.00001474,-0.00002002,0.00003162,-0.00004594,0.00006155,-0.0
 00005839,-0.00005513,0.00015910,-0.00005101,0.00025823,0.00028431,-0.0
 00066605,-0.00016586,0.00075919,0.00103049,-0.00105192,-0.00104387,-0.
 02520047,-0.00752696,0.00446476,-0.01656608,0.00926783,-0.05646388,-0.
 0.00032492,0.00108618,-0.00049857,0.00265059,0.00157015,-0.00387161,0.
 0.00030085,-0.00025838,-0.00049786,-0.00002068,-0.00006916,0.00000253,
 -0.00148460,0.00188461,0.00090367,-0.00022301,-0.06859445,0.03936117,-
 ,-0.00011036,0.00014062,0.00016792,0.00016561,-0.00057224,-0.00456259,
 144,0.00000853,-0.00011780,0.00005914,0.00007800,0.00047111,0.00004861
 014930,0.00001100,0.00000316,0.00002309,0.00007177,0.00010846,-0.00000
 50205,-0.00025823,-0.00000212,-0.00008164,-0.00006865,0.00001132,-0.00
 262922,-0.00001458,0.00007562,-0.00056820,0.00005561,-0.00038414,0.000
 4279572,0.00549186,-0.00090306,-0.00019015,0.00104712,0.00421526,-0.00
 .00374930,0.00212296,-0.01060384,0.00472097,0.00179240,0.07180672,-0.0
 -0.00006728,-0.00011109,0.00062608,0.00122472,-0.00083780,0.00208245,0
 0,0.00125460,0.34470697,-0.00005117,0.00028491,0.00060599,-0.00019660,
 808,0.00002879,0.00099554,-0.00099267,0.00002044,-0.00744957,0.0019821
 005480,0.00008202,0.00022645,0.00009194,0.00014243,-0.00075813,0.00044
 00003945,0.00003535,0.00004096,-0.00001809,0.00001857,-0.00007480,0.00
 0.00002440,0.00002538,0.00002682,-0.00007745,0.00002794,-0.00001125,0.
 ,0.00002036,0.00014597,0.00030174,0.00038414,-0.00005102,-0.00000861,-
 8,-0.00002681,0.00056032,0.00104721,-0.00108225,-0.00049636,0.00008547
 6,0.00543387,-0.00363128,-0.32523174,0.06340199,-0.01396091,-0.0004977
 74,0.00048515,-0.00034003,0.00049676,-0.00131753,0.00290943,-0.0146334
 585,-0.00011736,0.00025661,-0.00002618,-0.00009089,0.00003712,0.000477
 24968,0.00103144,-0.00203440,0.10890173,-0.03538316,0.31206612,0.00028
 .00025679,0.00030801,0.00071462,0.00017060,0.00006670,0.00020026,0.003
 ,0.00013662,-0.00012005,0.00000937,-0.00024009,0.00023511,0.00051414,0
 4,0.00000554,-0.00007255,0.00008817,-0.00003280,-0.00002863,0.00011000
 075,0.00014597,-0.00005562,0.00015910,0.00001095,-0.00018399,0.0001534
 7357,-0.00054850,-0.00027556,-0.00169070,0.00038699,0.00099627,0.00160
 55351,-0.09918985,0.03151776,-0.29487720,-0.00041993,0.00007247,0.0007
 62898,-0.00149371,-0.00022388,0.00031517,-0.01281892,0.00285377,-0.019
 0032689,0.00026273,-0.00025057,0.00012600,0.00040943,0.00069586,-0.000
 00695988,0.00291790,-0.01568580,0.03156695,-0.00044782,-0.00096037,0.0
 .00039621,-0.00000823,-0.00010849,0.00019643,0.00025584,-0.00023608,0.
 ,-0.00022921,0.00037814,0.00017182,0.00007227,0.00000187,-0.00050809,0
 77,-0.00040465,0.00024826,0.00005004,-0.00010792,0.00018845,0.00008604
 2037,-0.00056821,0.00005513,-0.00022138,0.00020705,0.00008517,0.000090
 88,-0.01145110,-0.00683362,-0.00037791,-0.00083232,-0.00099628,-0.0000
 8925,-0.02393874,0.02028898,-0.00546634,0.00043179,0.00340472,0.000132
 05811,-0.00859800,-0.00214991,-0.00551716,0.00151311,0.01214238,0.0175
 00075820,0.00025695,0.00031644,0.00358630,0.00428873,-0.00123029,0.003
 0.00017026,0.00332755,0.09843135,0.00063612,-0.00066289,-0.00002361,0.
 .00007737,-0.00036735,0.00003536,-0.00053954,-0.00042914,-0.00149880,-
 00011916,-0.00010055,0.00010053,-0.00006313,-0.00000026,-0.00156641,-0
 00002235,-0.00002952,-0.00001451,-0.00012157,-0.00003425,0.00000996,0.
 0007563,-0.00005839,-0.00005365,-0.00009940,0.00008317,-0.00003444,-0.
 .00006795,-0.00056625,0.00092979,0.00037791,0.00038698,0.00008547,-0.0
 ,0.01555055,-0.10310812,0.00016485,0.00019077,0.00020844,-0.00061974,0
 ,-0.00013029,-0.00049838,0.01288317,-0.00160204,0.01663543,-0.10035642
 0.00006902,-0.00015814,-0.00000370,-0.00002407,-0.00000988,-0.00021558
 6,-0.06854433,0.27005360,-0.00106913,0.00035147,0.00140300,0.00024149,
 87,-0.00001284,0.00014436,-0.00017688,-0.00086686,0.00102702,0.1079867
 02718,0.00000883,-0.00002160,0.00002798,0.00009331,0.00011196,0.000292
 03533,0.00007314,-0.00001785,-0.00003186,0.00008204,-0.00002329,-0.000
 002538,0.00006865,-0.00002002,0.00005256,-0.00004390,0.00021182,-0.000
 00004860,0.00013576,-0.00005173,0.00008317,-0.00008517,0.00015344,0.00
 .01225173,0.00571019,-0.02224631,-0.00011292,0.00001956,-0.00031449,0.
 .00218941,-0.00049153,0.00276651,-0.10191980,0.06161206,-0.25211273,-0
 0.00017021,0.00025756,-0.00024897,-0.00031612,-0.00006558,0.00005728,0
 ,-0.00162645,-0.03743125,0.04699121,0.00098729,0.00061584,0.00152992,-
 0,0.00102929,0.00032566,-0.00012839,0.00018592,-0.00067030,-0.00375236
 5,-0.00009921,-0.00007535,0.00018742,-0.00004048,0.00052774,-0.0003572
 00,0.00004390,-0.00000681,-0.00018388,0.00002352,-0.00003659,0.0002698
 0704,0.00018400,0.00002440,-0.00008164,0.00001474,0.00000936,-0.000624
 47381,-0.00031180,-0.00033293,0.00024168,-0.00044629,0.00009940,0.0002
 05635663,0.05754417,0.00299420,0.00286199,0.00564400,-0.00070809,0.000
 .00107791,-0.00085781,0.00626498,-0.00078919,0.00791477,0.02875416,-0.
 0.00637756,0.00051880,-0.00077971,0.00118755,-0.00095312,-0.00018419,0
 7,0.00017968,0.00077377,-0.00120684,-0.00008583,0.11719911,0.00238825,
 05,0.00002720,-0.00067421,0.00036477,-0.00068592,0.00044113,-0.0002128
 000283,0.00006522,0.00005038,0.00021425,0.00005142,0.00000702,0.000218
 000211,-0.00000668,0.00012510,-0.00000937,0.00005256,-0.00002198,-0.00
 0051008,-0.00044562,-0.00005365,0.00022138,0.00001096,-0.00000861,0.00
 00348080,0.01844058,-0.00052233,-0.00002196,0.00024367,0.00024986,-0.0
 00663578,-0.02963612,-0.10990354,0.03286320,-0.10167406,0.01042556,-0.
 .00017090,-0.00032370,0.00024774,0.00080637,-0.00039487,-0.01452826,0.
 -0.06258211,0.26657206,-0.00305169,0.00218749,0.00329391,-0.00025213,0
 -0.00038937,0.00144442,-0.00227540,0.00168452,-0.00259064,-0.12116054,
 23,0.00040781,-0.00001197,0.00000803,0.00037441,0.00010078,0.00001807,
 22,-0.00002352,-0.00001785,-0.00014463,0.00060395,0.00051434,-0.000014
 2952,-0.00024826,0.00008817,0.00002794,-0.00001100,0.00006155,0.000065
 2565,-0.00012551,-0.00019330,-0.00090960,0.00098318,0.00064385,-0.0000
 64137,0.00118500,-0.00144760,-0.00000538,-0.00022590,0.00293985,0.0016
 0232562,-0.00260337,0.00125055,0.11461068,0.05899315,-0.25288906,0.000
 094652,0.00349502,-0.01652512,-0.00059238,-0.00031299,-0.00111339,-0.0
 00009074,0.00040757,-0.00084193,-0.00114273,0.02714082,0.04308813,0.01
 0.00026443,-0.00012690,0.00008399,0.00000936,0.00059470,0.00125069,-0.
 -0.00007314,-0.00033033,0.00097994,-0.00060395,0.00023294,-0.00022265,
 5,0.00007255,0.00007744,-0.00014930,0.00004594,0.00000282,-0.00018388,
 34,-0.00128854,-0.00215774,0.00231888,0.00181817,0.00002235,-0.0004046
 5568,-0.01244513,0.00097077,0.00152579,0.00417314,0.00428528,-0.000199
 718281,0.00531947,-0.03418013,-0.04288831,0.06497681,0.01188967,0.0051
 0102168,0.00286549,0.00090548,0.00003611,-0.00047264,-0.00644636,-0.00
 00046274,-0.00136100,0.00118896,-0.00301124,0.12753848,-0.00199011,0.0
 0.00000920,-0.00001134,0.00024745,0.00005734,0.00160048,-0.00031762,0.
 ,-0.00003533,0.00052904,0.00033033,-0.00014463,0.00002252,0.00028573,-
 77,0.00000554,0.00002682,-0.00001133,0.00003163,-0.00002198,0.00000681
 24,-0.00019621,-0.00040873,0.00074021,0.00026953,-0.00003444,-0.000090
 216,0.02690825,-0.00516819,0.00217461,-0.00082047,0.00092209,-0.000044
 585,0.00083886,-0.11860470,-0.02480869,0.11291066,-0.01195411,-0.00883
 5,-0.01673667,-0.00054141,-0.00028186,-0.00073555,-0.00122081,-0.00096
 341,-0.00249933,-0.09203998,0.08812625,0.24990451,0.00863627,0.0038757
 6928,0.00021414,-0.00030643,-0.00012037,0.00133072,0.00202066,-0.00074
 04048,-0.00002160,0.00005735,-0.00000936,0.00010078,-0.00069763,0.0006
 00037814,0.00000937,0.00001857,-0.00000853,0.00007203,0.00002721,0.000
 00002148,-0.00029067,-0.00055701,0.00021716,0.00043751,-0.00010055,-0.
 0.00048767,0.00081431,-0.00009712,-0.00075964,0.00059043,0.00082703,0.
 -0.00071800,-0.00034400,0.00947744,-0.00550189,-0.02333852,0.00285569,
 -0.08249092,-0.22897353,-0.00095019,0.00224336,0.00315970,-0.00161257,
 7,-0.00417660,0.00532275,0.01086125,-0.04168024,0.09126505,0.08413402,
 41,-0.00035664,-0.00405652,-0.00096067,0.00011585,0.00258732,0.0001203
 97,-0.00021805,0.00018742,-0.00000883,-0.00024745,0.00008399,-0.000374
 214,-0.00011917,-0.00022920,0.00012005,0.00001809,-0.00000144,0.000109
 6594,0.00089459,-0.00021554,-0.00123521,-0.00034596,0.00054030,0.00021
 5440,0.00060860,0.00098402,-0.00041255,-0.00025754,-0.00047000,-0.0002
 84667,-0.00069465,-0.00338188,0.00045768,-0.00562539,0.00321455,0.0081
 30936,0.03755440,-0.08284704,-0.08229801,0.01353949,-0.01245828,-0.024
 138690,-0.00011585,-0.00030643,-0.01122400,0.01141637,0.02580753,0.093
 .00001135,0.00012690,0.00000803,0.00050250,0.00082570,-0.00024636,0.00
 0.00004096,-0.00010845,0.00007444,0.00000702,0.00007535,-0.00002718,-0
 2,-0.00037639,0.00041421,0.00038421,0.00000996,-0.00008604,0.00013662,
 8,-0.00117896,-0.00099280,-0.00068948,0.00043341,0.00011895,-0.0003216
 5,0.00938268,-0.00592825,-0.01555218,0.00070495,-0.00022894,-0.0000405
 ,-0.00144060,-0.00093966,-0.00051111,-0.00088362,-0.00166186,0.0001461
 5,-0.03070282,-0.01394227,0.05467095,-0.08840298,0.03806836,0.08482337
 97,-0.00028419,-0.00021213,0.00119478,-0.00024635,0.00096069,0.0002141
 80,0.00005142,0.00009921,-0.00002329,-0.00000920,-0.00026443,-0.000011
 079,-0.00003425,-0.00018845,0.00011000,0.00003535,-0.00007177,0.000071
 17688,0.00092182,0.00024117,-0.00047752,-0.00035754,0.00039766,0.00050
 44684,0.00044722,-0.00046455,-0.00445050,0.00027714,-0.00066339,-0.000
 1172,-0.00036388,-0.00212228,-0.00095379,-0.02814654,-0.00707467,0.003
 81858,0.03180473,0.01156244,-0.05263655,0.00094098,-0.00013689,-0.0014
 250267,0.00021213,-0.00082575,-0.00405654,-0.00066928,0.09605709,0.090
 026984,-0.00008204,-0.00028573,-0.00022265,-0.00040780,0.00015257,0.00
 0010792,0.00002863,-0.00003945,0.00002309,-0.00003221,-0.00021425,0.00
 .00014909,-0.00119515,0.00011736,0.00013357,0.00020551,0.00012157,-0.0
 ,-0.00091364,0.00097732,0.00000296,-0.00017814,0.00026800,0.00002522,0
 67,-0.00315638,0.00047911,0.00962942,0.00326496,-0.00230390,0.00102206
 67,-0.08234096,0.01150509,-0.02759692,-0.01253322,0.00563631,-0.000282
 256,-0.00028419,0.00050250,0.00035661,-0.00069763,0.28837619,-0.089338
 660,-0.00003186,0.00002252,-0.00023294,-0.00001424,0.00164467,-0.00015
 003,-0.00003280,-0.00001125,-0.00000316,-0.00000084,0.00005038,0.00003
 641,-0.00019701,-0.00013123,0.00026055,0.00033569,-0.00001451,-0.00005
 55956,-0.00338743,0.00000580,-0.00018410,0.00033412,0.00081572,0.00003
 39215,-0.00068853,-0.01759442,-0.00441786,0.00304746,0.00035409,-0.000
 8998671,0.03037348,0.00310230,0.00223197,0.00021348,-0.00036494,-0.000
 074333,-0.00249923,-0.09204133,-0.08812492,0.24990465,-0.26648581,-0.0
 00018592,0.00014436,-0.00301124,0.00114275,-0.00259065,0.00202065,0.00
 ,0.00000823,0.00071464,0.00014244,0.00011036,0.00056582,0.00017968,-0.
 8,-0.00048769,0.00081431,-0.00009710,0.00075964,0.00059042,-0.00036735
 1,-0.00002148,-0.00029067,-0.00055701,-0.00021715,0.00043750,0.0028556
 60,0.00550177,-0.02333856,-0.00161255,0.00071801,-0.00034399,0.0008270
 5019,-0.00224332,0.00315964,0.08413522,0.08248974,-0.22897368,0.009477
 168451,0.00417679,0.00532279,-0.01086151,0.04168026,0.09126383,-0.0009
 026049,0.00021286,-0.00012839,0.00001283,-0.00118896,-0.00084191,-0.00
 0026594,0.00007738,0.00039622,-0.00030802,-0.00009194,0.00004861,-0.00
 .00021213,-0.00060859,0.00098401,0.00041255,0.00025754,-0.00047001,0.0
 0.00045767,-0.00089459,-0.00021553,0.00123520,0.00034597,0.00054030,-0
 ,0.08229685,0.00562538,0.00321444,-0.00815432,0.00069463,-0.00338186,-
 ,0.09331065,-0.01353970,-0.01245808,0.02484666,-0.03755436,-0.08284597
 -0.00136101,-0.00040758,-0.00227542,-0.01122416,-0.01141613,0.02580742
 9,0.00022645,-0.00047111,0.00008031,0.00044112,-0.00032566,0.00029287,
 56,-0.00117897,0.00099280,-0.00068949,-0.00156644,0.00050809,0.0002567
 160,-0.00037639,-0.00041420,0.00038420,0.00070493,0.00022895,-0.000040
 5220,-0.00088361,0.00166182,0.00014615,0.00043340,-0.00011895,-0.00032
 51088,-0.08840406,-0.03806832,0.08482461,0.00938284,0.00592815,-0.0155
 144442,-0.03070158,0.01394211,0.05467082,-0.00144073,0.00093953,-0.000
 00036172,-0.00068592,-0.00102929,0.00011196,0.00046274,0.00009074,0.00
 .00017688,-0.00000026,-0.00000187,0.00051414,0.00008202,-0.00007800,0.
 ,0.00050079,0.00044724,0.00046455,-0.00445050,0.00027715,0.00066340,-0
 -0.00095380,0.00092183,-0.00024117,-0.00047753,-0.00035755,-0.00039766
 ,-0.05263645,-0.02814650,0.00707495,0.00344676,-0.00036388,0.00212231,
 58,0.09082041,0.00094092,0.00013693,-0.00141169,0.03180360,-0.01156238
 476,-0.00035720,-0.00009331,0.00031762,0.00125070,0.00038938,-0.096058
 313,0.00007227,-0.00023510,-0.00005480,0.00005914,-0.00012495,-0.00036
 07,-0.00091365,-0.00097729,-0.00000296,-0.00017815,-0.00026800,0.00006
 523,0.00014909,0.00119516,-0.00011736,0.00013357,-0.00020551,-0.001022
 2928,0.00326504,0.00230386,0.00028265,-0.00315641,-0.00047909,-0.00002
 680,-0.01253351,-0.00563617,0.08933997,-0.08234262,-0.01150500,-0.0096
 052774,0.00002798,0.00160048,-0.00059471,0.00001807,0.28837347,0.02759
 17182,-0.00024009,-0.00007480,0.00011780,-0.00009352,-0.00067422,-0.00
 0055955,-0.00338743,0.00000579,0.00018410,0.00033413,0.00010053,-0.000
 00003641,-0.00019700,-0.00013124,-0.00026055,0.00033569,0.00035410,0.0
 .00441805,0.00304739,-0.00036494,0.00039212,-0.00068854,0.00081572,-0.
 -0.00223210,0.00021346,-0.26648313,0.08998801,0.03037235,-0.01759443,0
 82,0.00162646,0.00102702,-0.12116090,0.06258310,0.26657273,0.00310251,
 15,-0.00025584,0.00020026,0.00002879,-0.00016561,-0.00005391,-0.000085
 37,-0.00118499,-0.00144756,-0.00000539,0.00022589,0.00293985,-0.000429
 566,0.00012550,-0.00019331,-0.00090961,-0.00098318,0.00064385,0.000641
 1103,-0.05899413,-0.25288976,-0.00232561,0.00260340,0.00125056,0.00162
 59236,0.00031299,-0.00111338,0.01094654,-0.00349507,-0.01652514,0.1146
 004620,0.00120681,-0.00375238,0.00086686,-0.02714156,0.04308837,-0.000
 00417315,0.00053954,0.00019643,-0.00006670,-0.00044808,0.00016792,0.00
 .00181817,-0.01188962,0.00515571,0.01244495,-0.00097071,0.00152581,-0.
 0.00531948,-0.00428530,-0.00019932,0.00128855,0.00215776,0.00231887,-0
 0.00286537,0.03418081,-0.04288856,-0.06497776,0.00644633,-0.00718290,-
 7,0.12753862,-0.00090546,0.00003612,0.00047266,0.00199009,0.00102169,-
 60,-0.00075813,-0.00014062,0.00137156,0.00077378,0.00067027,-0.0001768
 837,-0.00516821,-0.00217456,-0.00082050,0.00003536,0.00010849,0.000170
 9621,-0.00040872,-0.00074020,0.00026952,-0.01195420,0.00883226,0.02690
 291095,-0.00122076,0.00096582,0.00083883,0.00092207,0.00004423,-0.0001
 0073553,0.00863631,-0.00387579,-0.01673667,-0.11860478,0.02480935,0.11
 .00103550,0.10798681,0.06854329,0.27005349,-0.00054141,0.00028187,-0.0
 -0.02224634,0.00332753,-0.00291791,-0.00203440,0.00002046,0.00148460,0
 .00005173,-0.10191981,-0.06161107,-0.25211254,-0.01225172,-0.00571008,
 00005727,-0.00011292,-0.00001956,-0.00031449,0.00004860,-0.00013575,-0
 ,0.00152993,0.00218938,0.00049151,0.00276645,-0.00031612,0.00006557,0.
 ,0.04699063,-0.00017021,-0.00025755,-0.00024897,0.00098728,-0.00061584
 32,0.00695987,-0.00103145,0.00099263,-0.00456260,0.00125503,0.03743053
 51,-0.05635617,-0.05754321,-0.00299425,0.00286203,-0.00564407,0.000170
 70812,0.00047380,0.00031178,0.00033293,0.00024165,0.00044630,-0.028753
 0626491,-0.00078913,-0.00791457,0.00018418,0.00107794,0.00085782,0.000
 00077971,0.00118755,0.00095313,-0.00238820,0.00637761,-0.00051884,-0.0
 ,0.00023613,0.00324968,0.00099555,0.00057220,-0.00034883,0.11719933,0.
 9,-0.03286258,-0.10167403,0.01042555,0.00348072,0.01844058,-0.00149881
 232,0.00002196,0.00024367,0.00024987,0.00051009,-0.00044561,-0.1099036
 31,-0.00663567,-0.02963622,0.00024774,-0.00080637,-0.00039487,-0.00052
 3,-0.00017089,-0.00032370,-0.00305172,-0.00218743,0.00329390,-0.014528
 611,-0.00634162,0.00162715,0.01293522,0.00834251,0.05298437,-0.0002521
 051,0.00752677,0.00446479,-0.01656666,-0.00926777,-0.05646401,-0.02558
 066604,0.00016586,0.00075919,0.00103048,0.00105191,-0.00104386,0.02520
 65057,-0.00157016,-0.00387161,0.00032491,-0.00108618,-0.00049857,-0.00
 0002068,0.00006916,0.00000253,-0.00030085,0.00025839,-0.00049786,0.002
 .00549185,-0.00188451,0.00090371,0.00022300,0.06859198,0.03936016,-0.0
 .00001457,0.01060392,0.00472092,-0.00179235,-0.07180440,-0.04279473,-0
 .00083780,0.00090305,-0.00019015,-0.00104712,-0.00421528,-0.00262920,0
 0.00060599,-0.00208242,0.00374932,-0.00212297,-0.00062607,0.00122471,0
 8,0.34470741,0.00019660,-0.00006728,0.00011110,0.00005117,0.00028491,-
 ,-0.32523215,-0.06339969,-0.01396143,-0.00744957,-0.00198204,0.0012545
 ,0.00104718,0.00108222,-0.00049636,-0.01463345,-0.00543374,-0.00363134
 1,0.00047773,-0.00048514,-0.00034002,-0.00049777,0.00002681,0.00056031
 03712,0.00028586,0.00011736,0.00025661,0.00049674,0.00131755,0.0029094
 29487755,0.10890159,0.03538183,0.31206652,-0.00002618,0.00009089,0.000
 169069,-0.01281887,-0.00285365,-0.01955353,-0.09918970,-0.03151652,-0.
 062898,-0.00041992,-0.00007247,0.00077356,-0.00054850,0.00027555,-0.00
 0032689,-0.00149372,0.00022388,0.00031517,0.00040941,-0.00069586,-0.00
 0.03156658,0.00026273,0.00025057,0.00012600,-0.00044783,0.00096038,0.0
 0.00151309,-0.01214248,-0.01758845,-0.02393840,-0.02028769,0.01568502,
 ,0.00043175,-0.00340474,-0.00013296,-0.01145110,0.00683362,0.00551714,
 18,-0.00859800,0.00214991,-0.00358628,0.00428876,0.00123030,0.00546633
 18,0.00025694,-0.00031645,-0.00063611,-0.00066289,0.00002360,-0.003058
 93,0.01663538,-0.10035627,-0.01554971,-0.10310790,0.09843121,-0.000758
 076,0.00020841,-0.00061974,-0.00006804,-0.00056620,0.01288322,0.001601
 022,-0.00049836,-0.00000373,0.00002411,-0.00000988,0.00016489,-0.00019
 903,-0.00015814,-0.00106915,-0.00035146,0.00140300,-0.00021561,0.00013
 1311,-0.29131450,-0.04102679,0.06752568,0.67224958,0.00024150,-0.00006
 067975,0.00995118,0.00654315,0.01954371,-0.01680768,0.10481034,-0.0526
 145542,-0.00331435,0.00870000,-0.02504929,-0.00614866,-0.01769151,0.00
 0.00235548,0.00436379,0.00260678,0.00147082,0.00245930,0.03388856,0.03
 -0.02120252,-0.05649625,-0.02766880,0.08171055,0.09220941,0.00249289,-
 ,-0.04581652,-0.01038483,0.02513920,0.01500772,0.04828795,-0.01954369,
 5,0.02171441,0.03826855,-0.00149456,0.02169122,-0.03470531,-0.00687702
 153,0.00194442,-0.00157582,0.00351290,0.00152647,-0.00176436,0.0038454
 77888,-0.01500732,0.00654299,-0.18396995,0.02184467,0.13312530,0.65934
 0944568,0.01937332,0.00835087,0.01388988,0.00077854,-0.00954515,-0.013
 0097595,0.00170580,-0.00177502,-0.04279208,-0.01991844,0.03537794,-0.0
 03243767,0.12248705,0.66192778,-0.00052560,0.00098725,-0.00192315,-0.0
 02651857,0.00174589,-0.00943810,-0.00954530,-0.02513910,0.00995112,-0.
 .01166628,-0.03897031,-0.10044452,-0.00772525,0.03441495,0.00461375,0.
 .00505785,0.00254343,-0.00643161,-0.02831951,-0.01023642,0.00316436,-0
 .00174605,-0.00077868,-0.01038510,-0.00067965,0.08630266,0.20382647,-0
 0869576,-0.00126239,-0.01834750,-0.00155839,-0.00397603,-0.01270559,-0
 0024438,-0.00341875,0.00055604,0.00064428,-0.07294992,-0.06100868,-0.0
 .01389019,0.04581641,-0.01769149,0.64772436,0.00105895,-0.00099298,0.0
 0.01636995,-0.05855599,-0.01434293,-0.04155373,0.00397620,0.02651864,0
 -0.00932592,-0.00590508,0.00030413,-0.32604602,-0.01927026,0.00870316,
 ,-0.04102707,-0.06752630,0.67224931,0.00414424,-0.00313630,0.00755410,
 6,0.03388835,-0.03145562,-0.00331440,0.10481044,0.05261270,-0.29131464
 5931,0.00249292,0.00235548,0.00436378,0.00870014,0.02504919,-0.0061486
 649637,0.02766818,-0.08171499,0.09221088,0.00260675,-0.00147082,0.0024
 03470504,0.00687695,-0.02171390,0.03826859,0.00149433,0.02120330,-0.05
 176436,-0.00384544,-0.00194443,-0.00157581,-0.00351289,-0.02169139,-0.
 537797,-0.18396950,-0.02184385,0.13312515,0.65934069,-0.00152647,-0.00
 0192318,-0.00944595,-0.01937346,0.00835092,-0.04279200,0.01991893,0.03
 92810,-0.00097595,-0.00170581,-0.00177504,-0.00052562,-0.00098727,-0.0
 61377,-0.01166578,0.03897042,-0.10044459,-0.03243802,-0.12248737,0.661
 6439,-0.00505789,-0.00254341,-0.00643159,-0.00772552,-0.03441496,0.004
 100939,0.00869564,-0.08630550,0.20382790,-0.02831934,0.01023655,0.0031
 0099300,-0.00024443,0.00126216,-0.01834784,0.00155847,0.07295141,-0.06
 00870352,0.64772179,0.00341876,0.00055596,-0.00064432,-0.00105898,-0.0
 0.00755408,0.01637035,0.05855565,-0.01434293,-0.32604425,0.01927175,0.
 54,0.55151793,-0.00932587,0.00590516,0.00030420,0.00414425,0.00313629,
 32,-0.00904387,0.01603707,0.01230926,-0.00472436,-0.07117449,-0.118933
 875,0.13000089,-0.04577154,0.02160960,-0.15776760,-0.00991303,0.007875
 7880,-0.02794098,0.03443231,0.02768723,0.07817531,-0.01230940,-0.04530
 2768658,0.01603702,0.64905791,0.01964917,-0.05526516,0.02893160,0.0261
 379800,-0.04798017,-0.00663562,0.00290609,-0.01548371,-0.01402606,-0.0
 2160956,-0.15776845,-0.07117375,0.11893454,0.55151941,-0.12367316,0.01
 530558,0.13000016,-0.00991305,-0.00787519,-0.00904377,-0.04577199,-0.0
 17891,-0.02794082,-0.03443223,-0.01964882,-0.05526504,-0.02893154,0.04
 0628,-0.01548398,-0.12367354,-0.01379770,-0.04798077,0.64906033,-0.026
 437,-0.06259697,-0.05362775,-0.04985328,0.52211560,-0.00663586,-0.0029
 1284,-0.17979571,0.00277455,-0.03645283,0.44852430,0.01099629,-0.00277
 985389,0.52211458,-0.06958370,-0.00261394,0.01099624,0.55557854,0.0026
  [X(C8H12)]\NImag=1\\0.55557983,0.03645265,0.44852388,-0.05362823,0.04
 =110.365285,0.0000342,112.21135,-7.3525544,0.0000201,84.4009188\PG=C01
 06,0.0765365,0.0537363,-0.0122906,-0.0151323,0.0002907,0.0551651\Polar
 .0280724,-0.0257665,-0.0040593,-0.0564298,-0.0640154,0.0529714,0.01561
 0838913,-0.0781307,0.007325,0.0066705,-0.0699006,0.0327681,0.0678575,0
 020082,0.0482756,-0.0681645,0.0105871,0.111296,0.0248274,-0.0646883,0.
 253,-0.0510461,0.0265629,0.0628544,0.0216622,0.0464512,-0.0679084,-0.0
 .0387339,-0.0173671,-0.0768038,-0.0953141,-0.0165513,-0.0291466,0.0411
 103251,0.0623896,0.0192072,0.0533135,0.091392,-0.0109997,-0.0028503,-0
 051,-0.1031861,-0.0221361,-0.0765124,0.0160005,0.0022732,0.0014556,0.0
 ,0.010999,-0.0028496,0.0387326,-0.0173657,0.0768031,-0.0953137,-0.1602
 .0022725,0.0014546,-0.0103247,0.0623898,0.0192069,-0.0533136,0.0913928
 4511,-0.0679079,-0.1602045,0.1031881,-0.0221371,0.0765145,0.0159987,-0
 06,0.0291468,0.0411246,0.0510462,0.0265628,-0.0628543,0.0216618,-0.046
 0105863,0.1112963,-0.0248269,-0.0646889,-0.0838909,-0.0781313,-0.01655
 4,-0.0151327,-0.0002907,0.0551651,-0.0020084,-0.0482748,-0.0681647,-0.
 .0564301,-0.0640165,-0.0529706,0.0156104,-0.0765356,0.0537371,0.012290
 667,-0.0699007,-0.0327677,0.0678579,-0.0280716,-0.0257665,0.0040596,-0
 575,-0.0117746,0.0964856,0.0755718,0.051668,-0.0041823,0.0073248,-0.00
 731,-0.0037323,0.1098143,0.0542524,0.0401232,-0.153654,0.012786,-0.006
 -0.0041825,-0.0328511,0.2179656,0.0954159,0.0390429,-0.3102411,-0.0069
 .1536535,0.0127852,0.0065743,-0.011775,-0.0964857,0.075571,-0.0516689,
 390444,-0.3102396,0.0069723,-0.0037327,-0.109814,0.0542515,0.0401241,0
 189,0.0417505,0.1567777,0.0741339,-0.0328526,-0.2179678,0.0954155,-0.0
 ,0.0741333,0.0725248,0.0199246,-0.0639566,-0.0153336,-0.0431014,0.0010
 199254,-0.0639563,0.0153336,-0.0431012,-0.0010189,0.0417497,-0.1567781
 529,0.0925139,-0.0367252,-0.0137521,-0.1450846,0.056025,0.0725254,-0.0
 5,-0.0137521,0.1450852,0.0560252,0.1364508,-0.081994,-0.032171,-0.0641
 ipoleDeriv=0.1364517,0.0819934,-0.0321709,0.0641514,0.0925127,0.036725
 nt=0.1756274\Thermal=0.1832035\Dipole=-0.1733039,0.0000007,0.0442191\D
 ES64L-G16RevA.03\HF=-312.0797876\RMSD=1.734e-09\RMSF=3.898e-06\ZeroPoi
 \H,1.084295,-1.1175,-1.514942\H,2.550163,-1.458016,-0.475888\\Version=
 ,-1.47567\H,-1.175159,-1.338605,1.569267\H,1.172551,-1.723801,1.500561
 ,1.192976,-1.475672\H,-2.5262,-1.18941,-0.436125\H,-1.115644,-1.192973
 ,-1.175151,1.338612,1.569265\H,-2.526189,1.189429,-0.436131\H,-1.11563
 -1.514941\H,2.550174,1.457999,-0.475884\H,1.172561,1.723792,1.500563\H
 2,1.455198,0.566787\C,1.495911,1.220767,-0.521832\H,1.084305,1.117496,
 C,0.686313,-1.455203,0.566786\C,1.495902,-1.220776,-0.521834\C,0.68632
 0.556987\C,-0.654722,1.092996,0.650832\C,-0.654729,-1.092992,0.650833\
 _initalOpt\\0,1\C,-1.525842,-0.769594,-0.556985\C,-1.525834,0.769603,-
  Geom=AllCheck Guess=TCheck SCRF=Check GenChk RB3LYP/def2TZVP Freq\\ts
 1\1\GINC-BHC0105\Freq\RB3LYP\def2TZVP\C8H12\DHANAWAY\10-Jun-2022\0\\#N
 ----------------------------------------------------------------------

   zz         0.112301D+03      0.166413D+02      0.185159D+02
   zy        -0.292787D-04     -0.433866D-05     -0.482741D-05
   zx         0.233754D+00      0.346388D-01      0.385409D-01
   yy         0.112211D+03      0.166280D+02      0.185012D+02
   yx         0.122405D-03      0.181385D-04      0.201818D-04
   xx         0.824652D+02      0.122201D+02      0.135967D+02
   aniso      0.297938D+02      0.441498D+01      0.491233D+01
   iso        0.102326D+03      0.151631D+02      0.168713D+02
               (au)            (10**-24 esu)      (10**-40 SI)
 Alpha(0;0):
 (esu units = cm**3 , SI units = C**2 m**2 J**-1)
 Dipole polarizability, Alpha (dipole orientation).

   z          0.178856D+00      0.454607D+00      0.151641D+01
   y          0.000000D+00      0.000000D+00      0.000000D+00
   x          0.000000D+00      0.000000D+00      0.000000D+00
   Tot        0.178856D+00      0.454607D+00      0.151641D+01
                  (au)            (Debye)         (10**-30 SI)
 (Debye = 10**-18 statcoulomb cm , SI units = C m)
 Electric dipole moment (dipole orientation):

     1          0.32005280         -2.75523175         -4.89185307
     1         -2.26737394         -2.11175055         -2.69320407
     1          3.29542777         -3.25751639         -1.44596117
     1          2.32437961         -2.52961621          2.88494325
     1         -3.22328142         -2.25438749          1.35336731
     1         -1.97882534         -2.24767106          4.42186015
     1         -3.22326407          2.25440267          1.35335936
     1         -1.97881676          2.24768314          4.42185577
     1          2.32439592          2.52959069          2.88494857
     1          3.29545701          3.25749017         -1.44595163
     1          0.32008294          2.75523798         -4.89184859
     1         -2.26735389          2.11177978         -2.69320447
     6         -0.25660618          2.30692844         -2.98289687
     6          1.35848197          2.74992541         -0.99188239
     6         -0.25662885         -2.30691916         -2.98290038
     6          1.35845829         -2.74993539         -0.99188909
     6          0.88581787         -2.06546459          1.50291130
     6          0.88583256          2.06545405          1.50291508
     6         -1.73274598          1.45433399          2.53367659
     6         -1.73275539         -1.45432679          2.53368016
 Dipole orientation:

 ----------------------------------------------------------------------

   zz         0.844009D+02      0.125069D+02      0.139158D+02
   zy         0.200940D-04      0.297762D-05      0.331305D-05
   zx        -0.735255D+01     -0.108954D+01     -0.121227D+01
   yy         0.112211D+03      0.166280D+02      0.185012D+02
   yx         0.341878D-04      0.506611D-05      0.563680D-05
   xx         0.110365D+03      0.163544D+02      0.181968D+02
   aniso      0.297938D+02      0.441498D+01      0.491233D+01
   iso        0.102326D+03      0.151631D+02      0.168713D+02
               (au)            (10**-24 esu)      (10**-40 SI)
 Alpha(0;0):
 (esu units = cm**3 , SI units = C**2 m**2 J**-1)
 Dipole polarizability, Alpha (input orientation).

   z          0.442191D-01      0.112394D+00      0.374906D+00
   y          0.000000D+00      0.000000D+00      0.000000D+00
   x         -0.173304D+00     -0.440495D+00     -0.146933D+01
   Tot        0.178856D+00      0.454607D+00      0.151641D+01
                  (au)            (Debye)         (10**-30 SI)
 (Debye = 10**-18 statcoulomb cm , SI units = C m)
 Electric dipole moment (input orientation):

 ----------------------------------------------------------------------


 GradGradGradGradGradGradGradGradGradGradGradGradGradGradGradGradGradGrad
 --------------------------------------------------------------------------------
 ! D37   D(11,7,8,10)           -9.8269         -DE/DX =    0.0                 !
 ! D36   D(11,7,8,9)          -169.3539         -DE/DX =    0.0                 !
 ! D35   D(3,7,8,10)          -174.7702         -DE/DX =    0.0                 !
 ! D34   D(3,7,8,9)             25.7028         -DE/DX =    0.0                 !
 ! D33   D(18,5,6,20)            9.827          -DE/DX =    0.0                 !
 ! D32   D(18,5,6,19)          169.354          -DE/DX =    0.0                 !
 ! D31   D(4,5,6,20)           174.7703         -DE/DX =    0.0                 !
 ! D30   D(4,5,6,19)           -25.7027         -DE/DX =    0.0                 !
 ! D29   D(17,4,5,18)          -14.9003         -DE/DX =    0.0                 !
 ! D28   D(17,4,5,6)          -179.9722         -DE/DX =    0.0                 !
 ! D27   D(1,4,5,18)          -176.0357         -DE/DX =    0.0                 !
 ! D26   D(1,4,5,6)             18.8924         -DE/DX =    0.0                 !
 ! D25   D(12,3,7,11)           14.9003         -DE/DX =    0.0                 !
 ! D24   D(12,3,7,8)           179.9722         -DE/DX =    0.0                 !
 ! D23   D(2,3,7,11)           176.0358         -DE/DX =    0.0                 !
 ! D22   D(2,3,7,8)            -18.8923         -DE/DX =    0.0                 !
 ! D21   D(14,2,3,12)          140.4056         -DE/DX =    0.0                 !
 ! D20   D(14,2,3,7)           -20.8364         -DE/DX =    0.0                 !
 ! D19   D(13,2,3,12)           21.5285         -DE/DX =    0.0                 !
 ! D18   D(13,2,3,7)          -139.7136         -DE/DX =    0.0                 !
 ! D17   D(1,2,3,12)           -98.6848         -DE/DX =    0.0                 !
 ! D16   D(1,2,3,7)            100.0731         -DE/DX =    0.0                 !
 ! D15   D(16,1,4,17)         -140.4054         -DE/DX =    0.0                 !
 ! D14   D(16,1,4,5)            20.8366         -DE/DX =    0.0                 !
 ! D13   D(15,1,4,17)          -21.5282         -DE/DX =    0.0                 !
 ! D12   D(15,1,4,5)           139.7138         -DE/DX =    0.0                 !
 ! D11   D(2,1,4,17)            98.6852         -DE/DX =    0.0                 !
 ! D10   D(2,1,4,5)           -100.0728         -DE/DX =    0.0                 !
 ! D9    D(16,1,2,14)           -0.0001         -DE/DX =    0.0                 !
 ! D8    D(16,1,2,13)          120.9498         -DE/DX =    0.0                 !
 ! D7    D(16,1,2,3)          -120.1388         -DE/DX =    0.0                 !
 ! D6    D(15,1,2,14)         -120.9501         -DE/DX =    0.0                 !
 ! D5    D(15,1,2,13)           -0.0002         -DE/DX =    0.0                 !
 ! D4    D(15,1,2,3)           118.9112         -DE/DX =    0.0                 !
 ! D3    D(4,1,2,14)           120.1385         -DE/DX =    0.0                 !
 ! D2    D(4,1,2,13)          -118.9116         -DE/DX =    0.0                 !
 ! D1    D(4,1,2,3)             -0.0002         -DE/DX =    0.0                 !
 ! A30   A(9,8,10)             115.5647         -DE/DX =    0.0                 !
 ! A29   A(7,8,10)             120.148          -DE/DX =    0.0                 !
 ! A28   A(7,8,9)              121.2836         -DE/DX =    0.0                 !
 ! A27   A(8,7,11)             117.2896         -DE/DX =    0.0                 !
 ! A26   A(3,7,11)             116.3396         -DE/DX =    0.0                 !
 ! A25   A(3,7,8)              124.7568         -DE/DX =    0.0                 !
 ! A24   A(19,6,20)            115.5647         -DE/DX =    0.0                 !
 ! A23   A(5,6,20)             120.148          -DE/DX =    0.0                 !
 ! A22   A(5,6,19)             121.2836         -DE/DX =    0.0                 !
 ! A21   A(6,5,18)             117.2896         -DE/DX =    0.0                 !
 ! A20   A(4,5,18)             116.3396         -DE/DX =    0.0                 !
 ! A19   A(4,5,6)              124.7568         -DE/DX =    0.0                 !
 ! A18   A(5,4,17)             117.0593         -DE/DX =    0.0                 !
 ! A17   A(1,4,17)             116.4387         -DE/DX =    0.0                 !
 ! A16   A(1,4,5)              123.9329         -DE/DX =    0.0                 !
 ! A15   A(7,3,12)             117.0593         -DE/DX =    0.0                 !
 ! A14   A(2,3,12)             116.4388         -DE/DX =    0.0                 !
 ! A13   A(2,3,7)              123.9329         -DE/DX =    0.0                 !
 ! A12   A(13,2,14)            106.7621         -DE/DX =    0.0                 !
 ! A11   A(3,2,14)             111.7116         -DE/DX =    0.0                 !
 ! A10   A(3,2,13)             110.7621         -DE/DX =    0.0                 !
 ! A9    A(1,2,14)             112.8217         -DE/DX =    0.0                 !
 ! A8    A(1,2,13)             112.6186         -DE/DX =    0.0                 !
 ! A7    A(1,2,3)              102.2523         -DE/DX =    0.0                 !
 ! A6    A(15,1,16)            106.7621         -DE/DX =    0.0                 !
 ! A5    A(4,1,16)             111.7116         -DE/DX =    0.0                 !
 ! A4    A(4,1,15)             110.7621         -DE/DX =    0.0                 !
 ! A3    A(2,1,16)             112.8217         -DE/DX =    0.0                 !
 ! A2    A(2,1,15)             112.6187         -DE/DX =    0.0                 !
 ! A1    A(2,1,4)              102.2523         -DE/DX =    0.0                 !
 ! R19   R(8,10)                 1.0816         -DE/DX =    0.0                 !
 ! R18   R(8,9)                  1.08           -DE/DX =    0.0                 !
 ! R17   R(7,11)                 1.0865         -DE/DX =    0.0                 !
 ! R16   R(7,8)                  1.3768         -DE/DX =    0.0                 !
 ! R15   R(6,20)                 1.0816         -DE/DX =    0.0                 !
 ! R14   R(6,19)                 1.08           -DE/DX =    0.0                 !
 ! R13   R(5,18)                 1.0865         -DE/DX =    0.0                 !
 ! R12   R(5,6)                  1.3768         -DE/DX =    0.0                 !
 ! R11   R(4,17)                 1.0838         -DE/DX =    0.0                 !
 ! R10   R(4,5)                  1.3916         -DE/DX =    0.0                 !
 ! R9    R(3,12)                 1.0838         -DE/DX =    0.0                 !
 ! R8    R(3,7)                  1.3916         -DE/DX =    0.0                 !
 ! R7    R(2,14)                 1.0916         -DE/DX =    0.0                 !
 ! R6    R(2,13)                 1.0916         -DE/DX =    0.0                 !
 ! R5    R(2,3)                  1.5239         -DE/DX =    0.0                 !
 ! R4    R(1,16)                 1.0916         -DE/DX =    0.0                 !
 ! R3    R(1,15)                 1.0916         -DE/DX =    0.0                 !
 ! R2    R(1,4)                  1.5239         -DE/DX =    0.0                 !
 ! R1    R(1,2)                  1.5392         -DE/DX =    0.0                 !
 --------------------------------------------------------------------------------
 ! Name  Definition              Value          Derivative Info.                !
 --------------------------                            --------------------------
                           ! (Angstroms and Degrees)  !
                           !   Optimized Parameters   !
                           ----------------------------
    -- Stationary point found.
 Optimization completed.
 Predicted change in Energy=-1.596386D-09
 RMS     Displacement     0.000035     0.001200     YES
 Maximum Displacement     0.000100     0.001800     YES
 RMS     Force            0.000004     0.000300     YES
 Maximum Force            0.000015     0.000450     YES
         Item               Value     Threshold  Converged?
   D37       -0.17151  -0.00000   0.00000  -0.00002  -0.00002  -0.17154
   D36       -2.95578   0.00000   0.00000   0.00004   0.00004  -2.95575
   D35       -3.05032  -0.00000   0.00000   0.00002   0.00002  -3.05029
   D34        0.44860   0.00000   0.00000   0.00008   0.00008   0.44868
   D33        0.17151   0.00000   0.00000   0.00002   0.00002   0.17154
   D32        2.95579  -0.00000   0.00000  -0.00004  -0.00004   2.95575
   D31        3.05032   0.00000   0.00000  -0.00002  -0.00002   3.05029
   D30       -0.44860  -0.00000   0.00000  -0.00009  -0.00009  -0.44868
   D29       -0.26006  -0.00000   0.00000   0.00001   0.00001  -0.26005
   D28       -3.14111  -0.00000   0.00000   0.00006   0.00006  -3.14105
   D27       -3.07240   0.00000   0.00000   0.00002   0.00002  -3.07238
   D26        0.32973  -0.00000   0.00000   0.00007   0.00007   0.32980
   D25        0.26006   0.00000   0.00000  -0.00001  -0.00001   0.26005
   D24        3.14111   0.00000   0.00000  -0.00006  -0.00006   3.14105
   D23        3.07240  -0.00000   0.00000  -0.00003  -0.00003   3.07238
   D22       -0.32973  -0.00000   0.00000  -0.00007  -0.00007  -0.32980
   D21        2.45054  -0.00000   0.00000   0.00004   0.00004   2.45058
   D20       -0.36366   0.00000   0.00000   0.00006   0.00006  -0.36361
   D19        0.37574   0.00000   0.00000   0.00004   0.00004   0.37578
   D18       -2.43846   0.00001   0.00000   0.00006   0.00006  -2.43841
   D17       -1.72238   0.00000   0.00000   0.00002   0.00002  -1.72236
   D16        1.74661   0.00001   0.00000   0.00004   0.00004   1.74664
   D15       -2.45054   0.00000   0.00000  -0.00004  -0.00004  -2.45058
   D14        0.36367  -0.00000   0.00000  -0.00006  -0.00006   0.36361
   D13       -0.37574  -0.00000   0.00000  -0.00004  -0.00004  -0.37578
   D12        2.43847  -0.00001   0.00000  -0.00006  -0.00006   2.43841
   D11        1.72238  -0.00000   0.00000  -0.00003  -0.00003   1.72235
   D10       -1.74660  -0.00001   0.00000  -0.00004  -0.00004  -1.74664
    D9       -0.00000  -0.00000   0.00000   0.00000   0.00000   0.00000
    D8        2.11097  -0.00000   0.00000   0.00001   0.00001   2.11098
    D7       -2.09682  -0.00000   0.00000   0.00002   0.00002  -2.09680
    D6       -2.11098   0.00000   0.00000  -0.00000  -0.00000  -2.11098
    D5       -0.00000  -0.00000   0.00000   0.00000   0.00000   0.00000
    D4        2.07539   0.00000   0.00000   0.00002   0.00002   2.07541
    D3        2.09681   0.00000   0.00000  -0.00002  -0.00002   2.09680
    D2       -2.07540  -0.00000   0.00000  -0.00001  -0.00001  -2.07541
    D1       -0.00000   0.00000   0.00000   0.00000   0.00000   0.00000
   A30        2.01698  -0.00000   0.00000  -0.00002  -0.00002   2.01696
   A29        2.09698  -0.00000   0.00000  -0.00001  -0.00001   2.09697
   A28        2.11680   0.00000   0.00000   0.00001   0.00001   2.11681
   A27        2.04709  -0.00000   0.00000  -0.00001  -0.00001   2.04707
   A26        2.03051  -0.00000   0.00000  -0.00001  -0.00001   2.03050
   A25        2.17742   0.00001   0.00000   0.00002   0.00002   2.17743
   A24        2.01698  -0.00000   0.00000  -0.00002  -0.00002   2.01696
   A23        2.09698  -0.00000   0.00000  -0.00001  -0.00001   2.09697
   A22        2.11680   0.00000   0.00000   0.00001   0.00001   2.11681
   A21        2.04709  -0.00000   0.00000  -0.00002  -0.00002   2.04707
   A20        2.03051  -0.00000   0.00000  -0.00001  -0.00001   2.03050
   A19        2.17742   0.00001   0.00000   0.00002   0.00002   2.17743
   A18        2.04307  -0.00000   0.00000  -0.00002  -0.00002   2.04306
   A17        2.03224   0.00000   0.00000   0.00001   0.00001   2.03225
   A16        2.16304   0.00000   0.00000  -0.00000  -0.00000   2.16304
   A15        2.04307  -0.00000   0.00000  -0.00002  -0.00002   2.04306
   A14        2.03224   0.00000   0.00000   0.00001   0.00001   2.03225
   A13        2.16304   0.00000   0.00000   0.00000   0.00000   2.16304
   A12        1.86335   0.00000   0.00000   0.00000   0.00000   1.86335
   A11        1.94974  -0.00001   0.00000  -0.00001  -0.00001   1.94973
   A10        1.93316  -0.00000   0.00000   0.00001   0.00001   1.93317
    A9        1.96911  -0.00000   0.00000  -0.00001  -0.00001   1.96910
    A8        1.96557  -0.00001   0.00000   0.00001   0.00001   1.96558
    A7        1.78464   0.00002   0.00000  -0.00001  -0.00001   1.78463
    A6        1.86335   0.00000   0.00000   0.00000   0.00000   1.86335
    A5        1.94974  -0.00001   0.00000  -0.00001  -0.00001   1.94973
    A4        1.93316  -0.00000   0.00000   0.00001   0.00001   1.93317
    A3        1.96911  -0.00000   0.00000  -0.00001  -0.00001   1.96910
    A2        1.96557  -0.00001   0.00000   0.00001   0.00001   1.96558
    A1        1.78464   0.00002   0.00000  -0.00001  -0.00001   1.78463
   R19        2.04393  -0.00000   0.00000  -0.00000  -0.00000   2.04393
   R18        2.04086  -0.00000   0.00000  -0.00000  -0.00000   2.04086
   R17        2.05321  -0.00000   0.00000  -0.00000  -0.00000   2.05321
   R16        2.60171  -0.00001   0.00000  -0.00001  -0.00001   2.60170
   R15        2.04393  -0.00000   0.00000  -0.00000  -0.00000   2.04393
   R14        2.04086  -0.00000   0.00000  -0.00000  -0.00000   2.04086
   R13        2.05321  -0.00000   0.00000  -0.00000  -0.00000   2.05321
   R12        2.60171  -0.00001   0.00000  -0.00001  -0.00001   2.60170
   R11        2.04815  -0.00000   0.00000  -0.00000  -0.00000   2.04814
   R10        2.62981  -0.00001   0.00000  -0.00003  -0.00003   2.62979
    R9        2.04815  -0.00000   0.00000  -0.00000  -0.00000   2.04814
    R8        2.62981  -0.00001   0.00000  -0.00002  -0.00002   2.62979
    R7        2.06274  -0.00000   0.00000  -0.00001  -0.00001   2.06274
    R6        2.06281  -0.00000   0.00000  -0.00001  -0.00001   2.06280
    R5        2.87974   0.00000   0.00000  -0.00000  -0.00000   2.87974
    R4        2.06274  -0.00000   0.00000  -0.00001  -0.00001   2.06274
    R3        2.06281  -0.00000   0.00000  -0.00001  -0.00001   2.06280
    R2        2.87974   0.00000   0.00000  -0.00000  -0.00000   2.87974
    R1        2.90866   0.00001   0.00000   0.00001   0.00001   2.90867
                                 (Linear)    (Quad)   (Total)
 Variable       Old X    -DE/DX   Delta X   Delta X   Delta X     New X
 Iteration  2 RMS(Cart)=  0.00000000 RMS(Int)=  0.00000000
 Iteration  1 RMS(Cart)=  0.00003459 RMS(Int)=  0.00000000
 Linear search not attempted -- option 19 set.
 Angle between quadratic step and forces=  72.83 degrees.
   1                   -0.23141   0.19685  -0.19684   0.18570  -0.18570
                          D14       D18       D12       D24       D28
   1                    0.31887  -0.31887  -0.25412   0.25412   0.23141
                          D16       D10       D34       D30       D20
 Eigenvectors required to have negative eigenvalues:
     Eigenvalues ---    0.52981   0.58163   0.60118   1.49509
     Eigenvalues ---    0.36096   0.36287   0.36880   0.41379   0.43298
     Eigenvalues ---    0.34801   0.34859   0.35162   0.35323   0.35941
     Eigenvalues ---    0.30537   0.32740   0.33034   0.33568   0.33921
     Eigenvalues ---    0.21855   0.22182   0.26532   0.26697   0.29152
     Eigenvalues ---    0.12603   0.13445   0.14236   0.17566   0.18538
     Eigenvalues ---    0.10626   0.11208   0.11386   0.12110   0.12213
     Eigenvalues ---    0.06899   0.07006   0.07774   0.08277   0.09821
     Eigenvalues ---    0.03753   0.04232   0.04297   0.04412   0.04851
     Eigenvalues ---    0.02059   0.02220   0.02449   0.03184   0.03490
     Eigenvalues ---   -0.09434   0.00061   0.01355   0.01553   0.01906
 ITU=  0
 Second derivative matrix not updated -- analytic derivatives used.
 Swapping is turned off.
 All quantities printed in internal units (Hartrees-Bohrs-Radians)
 Step number   1 out of a maximum of    2
 Search for a saddle point.
 Internal  Forces:  Max     0.000015444 RMS     0.000004417
 Berny optimization.
 GradGradGradGradGradGradGradGradGradGradGradGradGradGradGradGradGradGrad

 FormGI is forming the generalized inverse of G from B-inverse, IUseBI=4.
 Cartesian Forces:  Max     0.000012606 RMS     0.000003898
 -------------------------------------------------------------------
     20        1          -0.000001401   -0.000000516    0.000000833
     19        1           0.000002795   -0.000003373    0.000001392
     18        1          -0.000001629    0.000000263   -0.000000020
     17        1           0.000001509    0.000000727   -0.000000804
     16        1           0.000000629    0.000000756    0.000000695
     15        1           0.000002203    0.000000155   -0.000002173
     14        1           0.000000682   -0.000000827    0.000000682
     13        1           0.000002539   -0.000000231   -0.000002236
     12        1           0.000001216   -0.000000653   -0.000000487
     11        1          -0.000001745   -0.000000316   -0.000000170
     10        1          -0.000001596    0.000000513    0.000000846
      9        1           0.000002814    0.000003338    0.000001435
      8        6          -0.000001794   -0.000002638    0.000007246
      7        6          -0.000012079    0.000003341   -0.000005511
      6        6          -0.000002049    0.000002628    0.000007427
      5        6          -0.000012606   -0.000003118   -0.000005769
      4        6           0.000011214   -0.000002326   -0.000000218
      3        6           0.000011381    0.000002109   -0.000000328
      2        6          -0.000001538    0.000004390   -0.000001456
      1        6          -0.000000543   -0.000004223   -0.000001384
 -------------------------------------------------------------------
 Number     Number              X              Y              Z
 Center     Atomic                   Forces (Hartrees/Bohr)
 -------------------------------------------------------------------
 ***** Axes restored to original set *****
 Rotational      0.287457D+06          5.458573         12.568829
 Translational   0.441729D+08          7.645156         17.603621
 Electronic      0.100000D+01          0.000000          0.000000
 Vib (V=0)    9  0.106697D+01          0.028154          0.064826
 Vib (V=0)    8  0.108387D+01          0.034978          0.080539
 Vib (V=0)    7  0.114906D+01          0.060342          0.138942
 Vib (V=0)    6  0.120012D+01          0.079224          0.182420
 Vib (V=0)    5  0.130055D+01          0.114126          0.262785
 Vib (V=0)    4  0.133465D+01          0.125368          0.288670
 Vib (V=0)    3  0.139189D+01          0.143605          0.330663
 Vib (V=0)    2  0.139519D+01          0.144634          0.333031
 Vib (V=0)    1  0.398827D+01          0.600784          1.383357
 Vib (V=0)       0.286173D+02          1.456629          3.354013
 Vib (Bot)    9  0.267318D+00         -0.572972         -1.319317
 Vib (Bot)    8  0.301505D+00         -0.520705         -1.198967
 Vib (Bot)    7  0.413855D+00         -0.383152         -0.882240
 Vib (Bot)    6  0.490066D+00         -0.309745         -0.713215
 Vib (Bot)    5  0.625200D+00         -0.203981         -0.469684
 Vib (Bot)    4  0.668314D+00         -0.175020         -0.402997
 Vib (Bot)    3  0.738559D+00         -0.131615         -0.303055
 Vib (Bot)    2  0.742540D+00         -0.129280         -0.297678
 Vib (Bot)    1  0.345225D+01          0.538102          1.239025
 Vib (Bot)       0.471755D-79        -79.326284       -182.655519
 Total V=0       0.363377D+15         14.560358         33.526463
 Total Bot       0.599025D-66        -66.222555       -152.483069
                       Q            Log10(Q)             Ln(Q)
 Vibration     9          0.930              1.088              0.497
 Vibration     8          0.885              1.183              0.587
 Vibration     7          0.785              1.420              0.881
 Vibration     6          0.743              1.531              1.075
 Vibration     5          0.695              1.667              1.397
 Vibration     4          0.684              1.698              1.494
 Vibration     3          0.670              1.741              1.644
 Vibration     2          0.669              1.743              1.652
 Vibration     1          0.597              1.973              4.463
 Vibrational            113.184             24.501             16.649
 Rotational               0.889              2.981             27.958
 Translational            0.889              2.981             39.950
 Electronic               0.000              0.000              0.000
 Total                  114.962             30.462             84.556
                      KCal/Mol        Cal/Mol-Kelvin    Cal/Mol-Kelvin
                     E (Thermal)             CV                S
 
 Sum of electronic and thermal Free Energies=         -311.935815
 Sum of electronic and thermal Enthalpies=            -311.895640
 Sum of electronic and thermal Energies=              -311.896584
 Sum of electronic and zero-point Energies=           -311.904160
 Thermal correction to Gibbs Free Energy=         0.143972
 Thermal correction to Enthalpy=                  0.184148
 Thermal correction to Energy=                    0.183203
 Zero-point correction=                           0.175627 (Hartree/Particle)
 
                             4555.31  4651.71  4667.66
                             4496.91  4500.71  4538.58  4546.90  4547.82
                             2319.09  4371.70  4383.41  4411.58  4442.43
                             2140.24  2152.75  2167.73  2172.31  2245.05
                             1863.78  1872.32  1904.28  2057.50  2058.11
                             1651.56  1700.10  1754.97  1818.55  1856.08
                             1432.90  1457.46  1472.74  1499.54  1567.61
                             1293.15  1315.43  1357.72  1368.99  1430.86
                              990.14  1037.47  1100.03  1132.52  1241.90
          (Kelvin)            534.07   608.93   762.97   825.36   949.28
 Vibrational temperatures:     86.06   376.09   377.89   412.44   436.77
           vibrations may cause significant error
 Warning -- explicit consideration of   9 degrees of freedom as
                                  110.20784 (Kcal/Mol)
 Zero-point vibrational energy     461109.6 (Joules/Mol)
    1 imaginary frequencies ignored.
 Rotational constants (GHZ):           2.49217     2.31010     1.58337
 Rotational temperatures (Kelvin)      0.11961     0.11087     0.07599
           may cause significant error
 Warning -- assumption of classical behavior for rotation
 Rotational symmetry number  1.
 This molecule is an asymmetric top.
           Z           -0.00328  -0.00000   0.99999
           Y            0.00000   1.00000   0.00000
           X            0.99999  -0.00000   0.00328
     Eigenvalues --   724.16490 781.238691139.81264
                           1         2         3
 Principal axes and moments of inertia in atomic units:
 Molecular mass:   108.09390 amu.
 Atom    20 has atomic number  1 and mass   1.00783
 Atom    19 has atomic number  1 and mass   1.00783
 Atom    18 has atomic number  1 and mass   1.00783
 Atom    17 has atomic number  1 and mass   1.00783
 Atom    16 has atomic number  1 and mass   1.00783
 Atom    15 has atomic number  1 and mass   1.00783
 Atom    14 has atomic number  1 and mass   1.00783
 Atom    13 has atomic number  1 and mass   1.00783
 Atom    12 has atomic number  1 and mass   1.00783
 Atom    11 has atomic number  1 and mass   1.00783
 Atom    10 has atomic number  1 and mass   1.00783
 Atom     9 has atomic number  1 and mass   1.00783
 Atom     8 has atomic number  6 and mass  12.00000
 Atom     7 has atomic number  6 and mass  12.00000
 Atom     6 has atomic number  6 and mass  12.00000
 Atom     5 has atomic number  6 and mass  12.00000
 Atom     4 has atomic number  6 and mass  12.00000
 Atom     3 has atomic number  6 and mass  12.00000
 Atom     2 has atomic number  6 and mass  12.00000
 Atom     1 has atomic number  6 and mass  12.00000
 Temperature   298.150 Kelvin.  Pressure   1.00000 Atm.
 -------------------
 - Thermochemistry -
 -------------------

    20   1    -0.27   0.06   0.02    -0.48   0.10   0.02    -0.44   0.10   0.01
    19   1     0.10  -0.03  -0.24    -0.19   0.05   0.46    -0.20   0.06   0.49
    18   1    -0.09   0.05   0.16    -0.03   0.02   0.06    -0.03   0.01   0.05
    17   1     0.27   0.12   0.47     0.00   0.00   0.00     0.00   0.00   0.00
    16   1     0.01  -0.01   0.03     0.00  -0.00   0.01     0.00  -0.00   0.01
    15   1     0.05   0.02   0.00     0.00   0.00   0.00     0.00   0.00   0.00
    14   1     0.01   0.01   0.03    -0.00  -0.00  -0.01     0.00   0.00   0.01
    13   1     0.05  -0.02   0.00    -0.00   0.00  -0.00     0.00  -0.00   0.00
    12   1     0.27  -0.12   0.48    -0.00   0.00  -0.00     0.00  -0.00   0.00
    11   1    -0.09  -0.05   0.16     0.03   0.02  -0.06    -0.03  -0.01   0.05
    10   1    -0.27  -0.06   0.02     0.48   0.10  -0.02    -0.44  -0.10   0.01
     9   1     0.10   0.03  -0.24     0.19   0.05  -0.46    -0.20  -0.06   0.49
     8   6     0.02   0.00   0.02    -0.06  -0.01   0.04     0.05   0.01  -0.04
     7   6     0.01   0.01  -0.02    -0.00  -0.00   0.01     0.00   0.00  -0.00
     6   6     0.02  -0.00   0.02     0.06  -0.01  -0.04     0.05  -0.01  -0.04
     5   6     0.01  -0.01  -0.02     0.00  -0.00  -0.01     0.00  -0.00  -0.00
     4   6    -0.02  -0.01  -0.04    -0.00   0.00  -0.00    -0.00  -0.00  -0.00
     3   6    -0.02   0.01  -0.04     0.00   0.00   0.00    -0.00   0.00  -0.00
     2   6    -0.01   0.00  -0.00     0.00   0.00   0.00    -0.00  -0.00  -0.00
     1   6    -0.01  -0.00  -0.00    -0.00   0.00  -0.00    -0.00   0.00  -0.00
  Atom  AN      X      Y      Z        X      Y      Z        X      Y      Z
 IR Inten    --     10.3318                 0.6228                18.2960
 Frc consts  --      6.3938                 6.8766                 6.9094
 Red. masses --      1.0826                 1.1166                 1.1142
 Frequencies --   3166.0990              3233.1025              3244.1831
                      A                      A                      A
                     52                     53                     54
    20   1    -0.45   0.10   0.03    -0.19   0.04   0.01     0.45  -0.10  -0.03
    19   1     0.18  -0.05  -0.41     0.09  -0.03  -0.20    -0.15   0.04   0.35
    18   1     0.01  -0.01  -0.02    -0.10   0.05   0.18    -0.02   0.01   0.04
    17   1    -0.14  -0.06  -0.24     0.29   0.13   0.51     0.18   0.08   0.31
    16   1    -0.01   0.01  -0.02     0.01  -0.01   0.02     0.01  -0.01   0.02
    15   1    -0.02  -0.01  -0.00     0.04   0.01   0.00     0.04   0.01   0.00
    14   1     0.01   0.01   0.02    -0.01  -0.01  -0.02     0.01   0.01   0.02
    13   1     0.02  -0.01   0.00    -0.04   0.01  -0.00     0.04  -0.01   0.00
    12   1     0.14  -0.06   0.24    -0.29   0.13  -0.51     0.18  -0.08   0.31
    11   1    -0.01  -0.01   0.02     0.10   0.05  -0.18    -0.02  -0.01   0.04
    10   1     0.45   0.10  -0.03     0.19   0.04  -0.01     0.45   0.10  -0.03
     9   1    -0.18  -0.05   0.41    -0.09  -0.03   0.20    -0.15  -0.04   0.35
     8   6    -0.02  -0.00  -0.03    -0.01  -0.00  -0.02    -0.03  -0.00  -0.03
     7   6     0.00   0.00   0.00    -0.01  -0.01   0.02     0.00   0.00  -0.00
     6   6     0.02  -0.00   0.03     0.01  -0.00   0.02    -0.03   0.00  -0.03
     5   6    -0.00   0.00  -0.00     0.01  -0.01  -0.02     0.00  -0.00  -0.00
     4   6     0.01   0.01   0.02    -0.03  -0.01  -0.04    -0.01  -0.01  -0.03
     3   6    -0.01   0.01  -0.02     0.03  -0.01   0.04    -0.02   0.01  -0.03
     2   6    -0.00  -0.00  -0.00     0.00  -0.00   0.00    -0.00   0.00  -0.00
     1   6     0.00  -0.00   0.00    -0.00  -0.00  -0.00    -0.00  -0.00  -0.00
  Atom  AN      X      Y      Z        X      Y      Z        X      Y      Z
 IR Inten    --      0.0720                 7.8248                33.6646
 Frc consts  --      6.2283                 6.3984                 6.2651
 Red. masses --      1.0623                 1.0874                 1.0643
 Frequencies --   3154.4709              3160.2551              3160.8952
                      A                      A                      A
                     49                     50                     51
    20   1     0.00  -0.00   0.00    -0.09   0.02   0.01     0.09  -0.02  -0.01
    19   1     0.00  -0.00  -0.01     0.00  -0.00  -0.00    -0.00   0.00   0.00
    18   1    -0.01   0.01   0.02     0.30  -0.17  -0.57    -0.30   0.17   0.58
    17   1    -0.04  -0.02  -0.08     0.10   0.05   0.17    -0.09  -0.04  -0.16
    16   1     0.19  -0.19   0.42     0.01  -0.01   0.02    -0.01   0.01  -0.03
    15   1     0.45   0.19   0.05     0.02   0.01   0.00    -0.03  -0.01  -0.00
    14   1     0.19   0.19   0.42    -0.01  -0.01  -0.02    -0.01  -0.01  -0.03
    13   1     0.45  -0.19   0.05    -0.02   0.01  -0.00    -0.03   0.01  -0.00
    12   1    -0.04   0.02  -0.08    -0.10   0.05  -0.17    -0.09   0.04  -0.16
    11   1    -0.01  -0.01   0.02    -0.30  -0.17   0.57    -0.30  -0.17   0.58
    10   1     0.00   0.00   0.00     0.09   0.02  -0.01     0.09   0.02  -0.01
     9   1     0.00   0.00  -0.01    -0.00  -0.00   0.00    -0.00  -0.00   0.00
     8   6    -0.00  -0.00   0.00    -0.01  -0.00   0.00    -0.01  -0.00   0.00
     7   6     0.00   0.00  -0.00     0.02   0.01  -0.05     0.03   0.01  -0.05
     6   6    -0.00   0.00   0.00     0.01  -0.00  -0.00    -0.01   0.00   0.00
     5   6     0.00  -0.00  -0.00    -0.02   0.01   0.05     0.03  -0.01  -0.05
     4   6     0.00   0.00   0.01    -0.01  -0.00  -0.01     0.01   0.00   0.01
     3   6     0.00  -0.00   0.01     0.01  -0.00   0.01     0.01  -0.00   0.01
     2   6    -0.05  -0.00  -0.04     0.00   0.00   0.00     0.00  -0.00   0.00
     1   6    -0.05   0.00  -0.04    -0.00   0.00  -0.00     0.00   0.00   0.00
  Atom  AN      X      Y      Z        X      Y      Z        X      Y      Z
 IR Inten    --     29.3074                 5.8944                17.5142
 Frc consts  --      6.2127                 6.2443                 6.2587
 Red. masses --      1.1061                 1.0849                 1.0856
 Frequencies --   3087.6418              3125.5091              3128.1487
                      A                      A                      A
                     46                     47                     48
    20   1    -0.00   0.00   0.00    -0.00  -0.00  -0.00    -0.00   0.00   0.00
    19   1     0.00  -0.00  -0.01    -0.00   0.00   0.00     0.00  -0.00  -0.01
    18   1    -0.00   0.00   0.01     0.00  -0.00  -0.01    -0.01   0.00   0.01
    17   1     0.00   0.00   0.00    -0.01  -0.00  -0.01    -0.03  -0.01  -0.06
    16   1     0.20  -0.18   0.41    -0.20   0.18  -0.42     0.19  -0.19   0.43
    15   1    -0.47  -0.19  -0.07     0.46   0.18   0.07     0.44   0.18   0.05
    14   1    -0.20  -0.18  -0.41    -0.20  -0.18  -0.42    -0.19  -0.19  -0.43
    13   1     0.47  -0.19   0.07     0.46  -0.18   0.07    -0.44   0.18  -0.05
    12   1    -0.00   0.00  -0.00    -0.01   0.00  -0.01     0.03  -0.01   0.06
    11   1     0.00   0.00  -0.01     0.00   0.00  -0.01     0.01   0.00  -0.01
    10   1     0.00   0.00  -0.00    -0.00   0.00  -0.00     0.00   0.00  -0.00
     9   1    -0.00  -0.00   0.01    -0.00  -0.00   0.00    -0.00  -0.00   0.01
     8   6     0.00   0.00  -0.00     0.00   0.00  -0.00     0.00   0.00  -0.00
     7   6     0.00  -0.00   0.00     0.00  -0.00   0.00    -0.00  -0.00   0.00
     6   6    -0.00   0.00   0.00     0.00  -0.00  -0.00    -0.00   0.00   0.00
     5   6    -0.00  -0.00  -0.00     0.00   0.00   0.00     0.00  -0.00  -0.00
     4   6    -0.00  -0.00  -0.00     0.00  -0.00   0.00     0.00   0.00   0.00
     3   6     0.00  -0.00   0.00     0.00   0.00   0.00    -0.00   0.00  -0.00
     2   6    -0.02   0.03   0.03    -0.02   0.03   0.03     0.05   0.00   0.04
     1   6     0.02   0.03  -0.03    -0.02  -0.03   0.03    -0.05   0.00  -0.04
  Atom  AN      X      Y      Z        X      Y      Z        X      Y      Z
 IR Inten    --     34.5978                66.4721                 0.0399
 Frc consts  --      5.7556                 5.7959                 6.1222
 Red. masses --      1.0581                 1.0598                 1.1052
 Frequencies --   3038.4858              3046.6237              3066.2021
                      A                      A                      A
                     43                     44                     45
    20   1     0.01   0.01   0.11    -0.07   0.01   0.39     0.11  -0.01  -0.24
    19   1     0.08  -0.01   0.03     0.43  -0.12   0.13    -0.38   0.06  -0.07
    18   1     0.08  -0.00   0.04    -0.25   0.01  -0.09     0.33  -0.01   0.15
    17   1     0.01  -0.02   0.02    -0.09   0.07  -0.01     0.05  -0.01   0.07
    16   1    -0.41  -0.24   0.05    -0.03   0.00   0.02     0.06  -0.02  -0.05
    15   1     0.06  -0.22   0.43     0.02  -0.02  -0.02    -0.04   0.04   0.06
    14   1    -0.41   0.24   0.05    -0.03  -0.00   0.02    -0.06  -0.02   0.05
    13   1     0.06   0.22   0.43     0.02   0.02  -0.02     0.04   0.04  -0.06
    12   1     0.01   0.02   0.02    -0.09  -0.07  -0.01    -0.05  -0.01  -0.07
    11   1     0.08   0.00   0.04    -0.25  -0.01  -0.09    -0.33  -0.01  -0.15
    10   1     0.01  -0.01   0.11    -0.07  -0.01   0.39    -0.11  -0.01   0.24
     9   1     0.08   0.01   0.03     0.43   0.12   0.13     0.38   0.06   0.07
     8   6     0.00   0.00  -0.01    -0.09  -0.01  -0.10    -0.12   0.02  -0.13
     7   6    -0.03  -0.00  -0.02     0.11  -0.01   0.09     0.24   0.01   0.14
     6   6     0.00  -0.00  -0.01    -0.09   0.01  -0.10     0.12   0.02   0.13
     5   6    -0.03   0.00  -0.02     0.11   0.01   0.09    -0.24   0.01  -0.14
     4   6     0.02   0.01   0.01    -0.03  -0.02  -0.02     0.12  -0.03   0.02
     3   6     0.02  -0.01   0.01    -0.03   0.02  -0.02    -0.12  -0.03  -0.02
     2   6     0.03  -0.03  -0.04     0.01   0.00  -0.00     0.02   0.00   0.00
     1   6     0.03   0.03  -0.04     0.01  -0.00  -0.00    -0.02   0.00  -0.00
  Atom  AN      X      Y      Z        X      Y      Z        X      Y      Z
 IR Inten    --     15.2462                 2.2096                 4.4968
 Frc consts  --      1.5107                 2.7089                 5.7311
 Red. masses --      1.1248                 1.8883                 3.7440
 Frequencies --   1509.8330              1560.3876              1611.8467
                      A                      A                      A
                     40                     41                     42
    20   1     0.00   0.02   0.12     0.05   0.08   0.36    -0.01  -0.06  -0.43
    19   1     0.07  -0.02   0.01     0.17  -0.01   0.03    -0.32   0.05  -0.09
    18   1    -0.02   0.01   0.02     0.13   0.03   0.15    -0.03  -0.02  -0.08
    17   1    -0.10   0.04   0.06    -0.31   0.03   0.24     0.19  -0.06  -0.13
    16   1     0.43   0.22  -0.08     0.20   0.01  -0.09     0.14   0.16   0.03
    15   1    -0.08   0.24  -0.39    -0.11   0.15  -0.01     0.00   0.09  -0.24
    14   1    -0.43   0.22   0.08     0.20  -0.01  -0.09    -0.14   0.16  -0.03
    13   1     0.08   0.24   0.39    -0.11  -0.15  -0.01    -0.00   0.09   0.24
    12   1     0.10   0.04  -0.06    -0.31  -0.03   0.24    -0.19  -0.06   0.13
    11   1     0.02   0.01  -0.02     0.13  -0.03   0.15     0.03  -0.02   0.08
    10   1    -0.00   0.02  -0.12     0.05  -0.08   0.36     0.01  -0.06   0.43
     9   1    -0.07  -0.02  -0.01     0.17   0.01   0.03     0.32   0.05   0.09
     8   6     0.01  -0.00   0.02     0.00   0.03  -0.05    -0.03   0.01  -0.06
     7   6     0.02   0.01  -0.02    -0.14  -0.03   0.01    -0.07  -0.03   0.02
     6   6    -0.01  -0.00  -0.02     0.00  -0.03  -0.05     0.03   0.01   0.06
     5   6    -0.02   0.01   0.02    -0.14   0.03   0.01     0.07  -0.03  -0.02
     4   6     0.04  -0.02  -0.01     0.17  -0.02  -0.04    -0.11   0.03   0.02
     3   6    -0.04  -0.02   0.01     0.17   0.02  -0.04     0.11   0.03  -0.02
     2   6     0.03  -0.03  -0.04    -0.05   0.01   0.02    -0.01  -0.02  -0.01
     1   6    -0.03  -0.03   0.04    -0.05  -0.01   0.02     0.01  -0.02   0.01
  Atom  AN      X      Y      Z        X      Y      Z        X      Y      Z
 IR Inten    --      2.1488                 4.1893                 0.0062
 Frc consts  --      1.5179                 3.0187                 2.0795
 Red. masses --      1.1642                 2.2886                 1.5548
 Frequencies --   1487.5404              1496.2370              1506.6494
                      A                      A                      A
                     37                     38                     39
    20   1    -0.01   0.00  -0.05     0.03   0.03   0.31     0.04   0.04   0.30
    19   1    -0.06   0.00  -0.04     0.26  -0.04   0.11     0.23  -0.03   0.10
    18   1     0.00  -0.01   0.03     0.31  -0.04   0.12     0.35  -0.04   0.15
    17   1    -0.13   0.05   0.09     0.35  -0.11  -0.16     0.34  -0.11  -0.14
    16   1    -0.13   0.30   0.17    -0.02   0.14   0.07     0.06   0.10   0.02
    15   1    -0.20   0.43   0.29     0.00   0.06  -0.07     0.02   0.04  -0.14
    14   1     0.13   0.30  -0.17     0.02   0.14  -0.07     0.06  -0.10   0.02
    13   1     0.20   0.43  -0.29    -0.00   0.06   0.07     0.02  -0.04  -0.14
    12   1     0.13   0.05  -0.09    -0.35  -0.11   0.16     0.34   0.11  -0.14
    11   1    -0.00  -0.01  -0.03    -0.31  -0.04  -0.12     0.35   0.04   0.15
    10   1     0.01   0.00   0.05    -0.03   0.03  -0.31     0.04  -0.04   0.30
     9   1     0.06   0.00   0.04    -0.26  -0.04  -0.11     0.23   0.03   0.10
     8   6     0.00  -0.00   0.01     0.00   0.00   0.02     0.00   0.00  -0.01
     7   6    -0.01   0.01  -0.02     0.03  -0.01   0.06    -0.04   0.01  -0.06
     6   6    -0.00  -0.00  -0.01    -0.00   0.00  -0.02     0.00  -0.00  -0.01
     5   6     0.01   0.01   0.02    -0.03  -0.01  -0.06    -0.04  -0.01  -0.06
     4   6     0.02   0.01   0.01    -0.08   0.03   0.05    -0.06   0.02   0.05
     3   6    -0.02   0.01  -0.01     0.08   0.03  -0.05    -0.06  -0.02   0.05
     2   6    -0.06  -0.08   0.09    -0.03  -0.02   0.02     0.01   0.01   0.00
     1   6     0.06  -0.08  -0.09     0.03  -0.02  -0.02     0.01  -0.01   0.00
  Atom  AN      X      Y      Z        X      Y      Z        X      Y      Z
 IR Inten    --      2.9442                 0.0187                 3.6521
 Frc consts  --      1.4559                 1.6324                 1.5799
 Red. masses --      1.4106                 1.3549                 1.3104
 Frequencies --   1323.5393              1430.0358              1430.4577
                      A                      A                      A
                     34                     35                     36
    20   1    -0.02  -0.01  -0.07    -0.00  -0.00   0.00     0.00  -0.02   0.07
    19   1    -0.27  -0.13  -0.19    -0.05  -0.02  -0.04     0.25   0.03   0.19
    18   1     0.44  -0.04   0.32     0.10   0.03   0.06    -0.49   0.01  -0.33
    17   1    -0.16   0.11   0.06     0.02   0.01  -0.03     0.10  -0.04  -0.05
    16   1    -0.02   0.03   0.01     0.16  -0.34  -0.25    -0.04   0.10   0.06
    15   1    -0.03   0.06   0.05     0.21  -0.38  -0.26    -0.02   0.04   0.02
    14   1    -0.02  -0.03   0.01     0.16   0.34  -0.25     0.04   0.10  -0.06
    13   1    -0.03  -0.06   0.05     0.21   0.38  -0.26     0.02   0.04  -0.02
    12   1    -0.16  -0.11   0.06     0.02  -0.01  -0.03    -0.10  -0.04   0.05
    11   1     0.44   0.04   0.32     0.10  -0.03   0.06     0.49   0.01   0.33
    10   1    -0.02   0.01  -0.07    -0.00   0.00   0.00    -0.00  -0.02  -0.07
     9   1    -0.27   0.13  -0.19    -0.05   0.02  -0.04    -0.25   0.03  -0.19
     8   6    -0.01   0.00  -0.09    -0.00   0.00  -0.02    -0.00   0.02  -0.09
     7   6     0.03  -0.02   0.09     0.00  -0.00   0.02     0.01  -0.02   0.07
     6   6    -0.01  -0.00  -0.09    -0.00  -0.00  -0.02     0.00   0.02   0.09
     5   6     0.03   0.02   0.09     0.00   0.00   0.02    -0.01  -0.02  -0.07
     4   6    -0.04  -0.01   0.02    -0.01  -0.02  -0.00     0.03  -0.00  -0.01
     3   6    -0.04   0.01   0.02    -0.01   0.02  -0.00    -0.03  -0.00   0.01
     2   6     0.02   0.03  -0.03    -0.03  -0.12   0.05    -0.00  -0.01   0.00
     1   6     0.02  -0.03  -0.03    -0.03   0.12   0.05     0.00  -0.01  -0.00
  Atom  AN      X      Y      Z        X      Y      Z        X      Y      Z
 IR Inten    --      0.0442                 0.7654                 1.0823
 Frc consts  --      1.4573                 1.4216                 1.3276
 Red. masses --      1.4863                 1.4379                 1.3306
 Frequencies --   1290.0376              1295.3942              1301.3267
                      A                      A                      A
                     31                     32                     33
    20   1     0.01   0.06   0.04     0.03   0.05   0.07     0.01   0.01   0.02
    19   1    -0.21  -0.01  -0.15    -0.17  -0.02  -0.12    -0.04   0.01  -0.03
    18   1    -0.21   0.04   0.00    -0.11   0.05   0.03     0.01   0.01   0.02
    17   1     0.46  -0.07  -0.28     0.23  -0.04  -0.20    -0.09   0.01   0.01
    16   1    -0.15   0.03   0.17    -0.25   0.28   0.31    -0.13   0.48   0.22
    15   1     0.01   0.10  -0.04     0.13  -0.18  -0.17     0.13  -0.40  -0.13
    14   1     0.15   0.03  -0.17    -0.25  -0.28   0.31     0.13   0.48  -0.22
    13   1    -0.01   0.10   0.04     0.13   0.18  -0.17    -0.13  -0.40   0.13
    12   1    -0.46  -0.07   0.28     0.23   0.04  -0.20     0.09   0.01  -0.01
    11   1     0.21   0.04  -0.00    -0.11  -0.05   0.03    -0.01   0.01  -0.02
    10   1    -0.01   0.06  -0.04     0.03  -0.05   0.07    -0.01   0.01  -0.02
     9   1     0.21  -0.01   0.15    -0.17   0.02  -0.12     0.04   0.01   0.03
     8   6    -0.00  -0.02   0.06     0.02   0.01  -0.04    -0.01  -0.00   0.00
     7   6     0.06   0.03  -0.08    -0.06  -0.02   0.07     0.02   0.01  -0.01
     6   6     0.00  -0.02  -0.06     0.02  -0.01  -0.04     0.01  -0.00  -0.00
     5   6    -0.06   0.03   0.08    -0.06   0.02   0.07    -0.02   0.01   0.01
     4   6     0.05  -0.02  -0.06     0.03  -0.02  -0.08     0.00  -0.01  -0.03
     3   6    -0.05  -0.02   0.06     0.03   0.02  -0.08    -0.00  -0.01   0.03
     2   6    -0.04  -0.00  -0.07     0.02  -0.00   0.06     0.05  -0.01   0.04
     1   6     0.04  -0.00   0.07     0.02   0.00   0.06    -0.05  -0.01  -0.04
  Atom  AN      X      Y      Z        X      Y      Z        X      Y      Z
 IR Inten    --      0.4663                 0.2058                 0.0508
 Frc consts  --      1.3206                 1.3337                 1.0668
 Red. masses --      1.6052                 1.5214                 1.1333
 Frequencies --   1181.6305              1219.7678              1263.9555
                      A                      A                      A
                     28                     29                     30
    20   1     0.14   0.19   0.36     0.13   0.05   0.33    -0.06  -0.01  -0.11
    19   1    -0.26  -0.13  -0.12    -0.09  -0.02  -0.03    -0.09  -0.04  -0.07
    18   1    -0.30  -0.13  -0.08    -0.02   0.02  -0.02    -0.10   0.01  -0.00
    17   1     0.01   0.03  -0.02    -0.38   0.09   0.04     0.46  -0.12  -0.17
    16   1     0.11  -0.22  -0.15    -0.22  -0.12   0.14     0.13  -0.16  -0.14
    15   1     0.00  -0.02  -0.01     0.07   0.13  -0.24    -0.14   0.23   0.23
    14   1     0.11   0.22  -0.15     0.22  -0.12  -0.14     0.13   0.16  -0.14
    13   1     0.00   0.02  -0.01    -0.07   0.13   0.24    -0.14  -0.23   0.23
    12   1     0.01  -0.03  -0.02     0.38   0.09  -0.04     0.46   0.12  -0.17
    11   1    -0.30   0.13  -0.08     0.02   0.02   0.02    -0.10  -0.01  -0.00
    10   1     0.14  -0.19   0.36    -0.13   0.05  -0.33    -0.06   0.01  -0.11
     9   1    -0.26   0.13  -0.12     0.09  -0.02   0.03    -0.09   0.04  -0.07
     8   6     0.08   0.02  -0.00    -0.10   0.00  -0.04    -0.05   0.00  -0.05
     7   6    -0.03  -0.02   0.02     0.02  -0.01   0.00    -0.00  -0.01   0.04
     6   6     0.08  -0.02  -0.00     0.10   0.00   0.04    -0.05  -0.00  -0.05
     5   6    -0.03   0.02   0.02    -0.02  -0.01  -0.00    -0.00   0.01   0.04
     4   6    -0.05   0.02   0.02    -0.10  -0.00  -0.09     0.06  -0.01   0.03
     3   6    -0.05  -0.02   0.02     0.10  -0.00   0.09     0.06   0.01   0.03
     2   6     0.02   0.07  -0.04    -0.09  -0.00  -0.06    -0.03  -0.01   0.01
     1   6     0.02  -0.07  -0.04     0.09  -0.00   0.06    -0.03   0.01   0.01
  Atom  AN      X      Y      Z        X      Y      Z        X      Y      Z
 IR Inten    --      0.1556                 5.6780                 0.2445
 Frc consts  --      0.9054                 1.3593                 1.0023
 Red. masses --      1.4147                 1.9434                 1.2911
 Frequencies --   1042.2346              1089.5408              1147.8919
                      A                      A                      A
                     25                     26                     27
    20   1    -0.06   0.08  -0.27     0.05   0.16  -0.00    -0.05  -0.17  -0.05
    19   1     0.13  -0.06   0.08    -0.00  -0.21   0.04     0.09   0.22   0.01
    18   1    -0.03  -0.40   0.11    -0.02  -0.52   0.10     0.16   0.48  -0.06
    17   1     0.07   0.03   0.01    -0.02   0.22  -0.09    -0.04  -0.34   0.09
    16   1     0.02  -0.11   0.01    -0.04   0.10   0.04    -0.05   0.01   0.06
    15   1     0.10  -0.36  -0.12    -0.07   0.20   0.10    -0.02   0.04  -0.01
    14   1     0.02   0.11   0.01    -0.04  -0.10   0.04     0.05   0.01  -0.06
    13   1     0.10   0.36  -0.12    -0.07  -0.20   0.10     0.02   0.04   0.01
    12   1     0.07  -0.03   0.01    -0.02  -0.22  -0.09     0.04  -0.34  -0.09
    11   1    -0.03   0.40   0.11    -0.02   0.52   0.10    -0.16   0.48   0.06
    10   1    -0.06  -0.08  -0.27     0.05  -0.16  -0.00     0.05  -0.17   0.05
     9   1     0.13   0.06   0.08    -0.00   0.21   0.04    -0.09   0.22  -0.01
     8   6    -0.07   0.01   0.00     0.01   0.01   0.03     0.01   0.01   0.01
     7   6    -0.00  -0.07  -0.02     0.03  -0.06  -0.04     0.01  -0.07  -0.01
     6   6    -0.07  -0.01   0.00     0.01  -0.01   0.03    -0.01   0.01  -0.01
     5   6    -0.00   0.07  -0.02     0.03   0.06  -0.04    -0.01  -0.07   0.01
     4   6     0.05  -0.01   0.03    -0.01  -0.01  -0.04     0.02   0.05  -0.04
     3   6     0.05   0.01   0.03    -0.01   0.01  -0.04    -0.02   0.05   0.04
     2   6    -0.00   0.15   0.01    -0.02  -0.10   0.03     0.01  -0.01  -0.03
     1   6    -0.00  -0.15   0.01    -0.02   0.10   0.03    -0.01  -0.01   0.03
  Atom  AN      X      Y      Z        X      Y      Z        X      Y      Z
 IR Inten    --      0.6379                 0.2968                22.1534
 Frc consts  --      1.0424                 0.9017                 0.7748
 Red. masses --      1.7838                 1.4915                 1.2550
 Frequencies --    995.9185              1012.9850              1023.6059
                      A                      A                      A
                     22                     23                     24
    20   1     0.13   0.50   0.02     0.00   0.13  -0.12    -0.09  -0.05  -0.34
    19   1    -0.00   0.26  -0.03     0.14   0.54  -0.01     0.26  -0.04   0.16
    18   1    -0.01  -0.20   0.03     0.01   0.17  -0.02     0.23  -0.23   0.15
    17   1    -0.03  -0.28   0.06    -0.00   0.24  -0.03    -0.05   0.13  -0.06
    16   1     0.03   0.00   0.01    -0.04  -0.02  -0.02    -0.21   0.03   0.21
    15   1    -0.07   0.00   0.13     0.10   0.00  -0.19    -0.01   0.09  -0.08
    14   1    -0.03   0.00  -0.01     0.04  -0.02   0.02     0.21   0.03  -0.21
    13   1     0.07   0.00  -0.13    -0.10   0.00   0.19     0.01   0.09   0.08
    12   1     0.03  -0.28  -0.06     0.00   0.24   0.03     0.05   0.13   0.06
    11   1     0.01  -0.20  -0.03    -0.01   0.17   0.02    -0.23  -0.23  -0.15
    10   1    -0.13   0.50  -0.02    -0.00   0.13   0.12     0.09  -0.05   0.34
     9   1     0.00   0.26   0.03    -0.14   0.54   0.01    -0.26  -0.04  -0.16
     8   6    -0.00  -0.10  -0.02     0.03  -0.07   0.00     0.06   0.01  -0.03
     7   6    -0.02   0.03   0.02     0.02   0.03   0.00    -0.02   0.02   0.03
     6   6     0.00  -0.10   0.02    -0.03  -0.07  -0.00    -0.06   0.01   0.03
     5   6     0.02   0.03  -0.02    -0.02   0.03  -0.00     0.02   0.02  -0.03
     4   6    -0.01   0.06  -0.04    -0.00  -0.08   0.05     0.03  -0.02  -0.07
     3   6     0.01   0.06   0.04     0.00  -0.08  -0.05    -0.03  -0.02   0.07
     2   6     0.05  -0.02  -0.04    -0.07   0.03   0.05    -0.00  -0.01  -0.10
     1   6    -0.05  -0.02   0.04     0.07   0.03  -0.05     0.00  -0.01   0.10
  Atom  AN      X      Y      Z        X      Y      Z        X      Y      Z
 IR Inten    --      0.0195                10.5996                 5.0773
 Frc consts  --      0.7740                 0.8147                 0.8832
 Red. masses --      1.4752                 1.5272                 1.5157
 Frequencies --    943.6617               951.4956               994.4956
                      A                      A                      A
                     19                     20                     21
    20   1     0.04  -0.12   0.17     0.05   0.21  -0.00     0.02   0.29  -0.07
    19   1    -0.02   0.24  -0.05     0.07   0.51  -0.03    -0.02   0.32  -0.07
    18   1     0.10   0.12  -0.03     0.08   0.07   0.03    -0.19  -0.04  -0.02
    17   1     0.08   0.41  -0.22     0.04   0.31  -0.15     0.01   0.02   0.15
    16   1     0.08   0.09   0.00    -0.04  -0.18  -0.02     0.06   0.38   0.00
    15   1    -0.15   0.05   0.30    -0.05   0.11   0.00     0.14  -0.07  -0.10
    14   1    -0.08   0.09  -0.00    -0.04   0.18  -0.02     0.06  -0.38   0.00
    13   1     0.15   0.05  -0.30    -0.05  -0.11   0.00     0.14   0.07  -0.10
    12   1    -0.08   0.41   0.22     0.04  -0.31  -0.15     0.01  -0.02   0.15
    11   1    -0.10   0.12   0.03     0.08  -0.07   0.03    -0.19   0.04  -0.02
    10   1    -0.04  -0.12  -0.17     0.05  -0.21  -0.00     0.02  -0.29  -0.07
     9   1     0.02   0.24   0.05     0.07  -0.51  -0.03    -0.02  -0.32  -0.07
     8   6    -0.05  -0.00  -0.01    -0.00   0.04   0.00    -0.05   0.05  -0.03
     7   6    -0.05  -0.03   0.02     0.01  -0.01   0.01    -0.04  -0.06   0.02
     6   6     0.05  -0.00   0.01    -0.00  -0.04   0.00    -0.05  -0.05  -0.03
     5   6     0.05  -0.03  -0.02     0.01   0.01   0.01    -0.04   0.06   0.02
     4   6    -0.02  -0.04  -0.04    -0.02  -0.05  -0.03     0.02   0.01   0.14
     3   6     0.02  -0.04   0.04    -0.02   0.05  -0.03     0.02  -0.01   0.14
     2   6     0.10   0.00  -0.04     0.00   0.03   0.03     0.06  -0.11  -0.12
     1   6    -0.10   0.00   0.04     0.00  -0.03   0.03     0.06   0.11  -0.12
  Atom  AN      X      Y      Z        X      Y      Z        X      Y      Z
 IR Inten    --     11.6554                 2.5957                 0.8769
 Frc consts  --      0.6556                 0.5569                 1.1705
 Red. masses --      1.4936                 1.1702                 2.3766
 Frequencies --    863.1643               898.7844               914.2688
                      A                      A                      A
                     16                     17                     18
    20   1     0.07   0.51  -0.09     0.06   0.34  -0.12    -0.08  -0.33  -0.07
    19   1    -0.01  -0.26   0.05     0.05  -0.02   0.03     0.07  -0.10   0.05
    18   1     0.06   0.24  -0.05     0.03  -0.02   0.04    -0.09  -0.02   0.01
    17   1     0.01   0.26  -0.06    -0.08  -0.42   0.12     0.00   0.27  -0.03
    16   1    -0.02   0.01   0.01    -0.17  -0.21   0.01    -0.20  -0.24  -0.00
    15   1     0.01   0.00  -0.02    -0.02   0.22  -0.18     0.01   0.27  -0.31
    14   1     0.02   0.01  -0.01    -0.17   0.21   0.01    -0.20   0.24  -0.00
    13   1    -0.01   0.00   0.02    -0.02  -0.22  -0.18     0.01  -0.27  -0.31
    12   1    -0.01   0.26   0.06    -0.08   0.42   0.12     0.00  -0.27  -0.03
    11   1    -0.06   0.24   0.05     0.03   0.02   0.04    -0.09   0.02   0.01
    10   1    -0.07   0.51   0.09     0.06  -0.34  -0.12    -0.08   0.33  -0.07
     9   1     0.01  -0.26  -0.05     0.05   0.02   0.03     0.07   0.10   0.05
     8   6     0.03   0.02  -0.01    -0.02   0.02   0.00    -0.01  -0.02  -0.00
     7   6     0.01  -0.11  -0.01     0.00   0.00   0.02    -0.07  -0.02   0.01
     6   6    -0.03   0.02   0.01    -0.02  -0.02   0.00    -0.01   0.02  -0.00
     5   6    -0.01  -0.11   0.01     0.00  -0.00   0.02    -0.07   0.02   0.01
     4   6     0.02   0.02   0.00    -0.01   0.02  -0.03     0.01   0.01   0.03
     3   6    -0.02   0.02  -0.00    -0.01  -0.02  -0.03     0.01  -0.01   0.03
     2   6    -0.01   0.01   0.00     0.04  -0.01   0.02     0.09  -0.02  -0.01
     1   6     0.01   0.01  -0.00     0.04   0.01   0.02     0.09   0.02  -0.01
  Atom  AN      X      Y      Z        X      Y      Z        X      Y      Z
 IR Inten    --     23.5030                 4.8812                 7.4407
 Frc consts  --      0.4039                 0.3797                 0.4824
 Red. masses --      1.3183                 1.1024                 1.3213
 Frequencies --    721.0801               764.5569               787.1389
                      A                      A                      A
                     13                     14                     15
    20   1     0.03  -0.03  -0.27    -0.03  -0.12   0.09     0.06   0.40  -0.15
    19   1     0.34  -0.07   0.17    -0.08   0.22  -0.10     0.04  -0.35   0.07
    18   1    -0.02   0.06   0.14    -0.13  -0.12  -0.04     0.02   0.18  -0.06
    17   1     0.00  -0.04  -0.13    -0.03   0.36   0.13     0.03   0.35  -0.08
    16   1     0.32   0.08  -0.15    -0.23  -0.15   0.17     0.00   0.02   0.00
    15   1     0.05  -0.06   0.22    -0.00  -0.11  -0.19     0.02  -0.03  -0.01
    14   1     0.32  -0.08  -0.15     0.23  -0.15  -0.17     0.00  -0.02   0.00
    13   1     0.05   0.06   0.22     0.00  -0.11   0.19     0.02   0.03  -0.01
    12   1     0.00   0.04  -0.13     0.03   0.36  -0.13     0.03  -0.35  -0.08
    11   1    -0.02  -0.06   0.14     0.13  -0.12   0.04     0.02  -0.18  -0.06
    10   1     0.03   0.03  -0.27     0.03  -0.12  -0.09     0.06  -0.40  -0.15
     9   1     0.34   0.07   0.17     0.08   0.22   0.10     0.04   0.35   0.07
     8   6     0.05   0.01   0.04     0.01   0.01   0.04    -0.02   0.01   0.01
     7   6    -0.09  -0.05   0.11     0.02  -0.04   0.01    -0.02   0.11   0.00
     6   6     0.05  -0.01   0.04    -0.01   0.01  -0.04    -0.02  -0.01   0.01
     5   6    -0.09   0.05   0.11    -0.02  -0.04  -0.01    -0.02  -0.11   0.00
     4   6    -0.08   0.01  -0.09     0.04   0.15   0.15     0.03   0.02   0.02
     3   6    -0.08  -0.01  -0.09    -0.04   0.15  -0.15     0.03  -0.02   0.02
     2   6     0.05  -0.01  -0.06     0.03  -0.13  -0.09     0.00   0.00  -0.01
     1   6     0.05   0.01  -0.06    -0.03  -0.13   0.09     0.00  -0.00  -0.01
  Atom  AN      X      Y      Z        X      Y      Z        X      Y      Z
 IR Inten    --      0.4152                 3.6824                 0.1479
 Frc consts  --      0.3958                 0.6816                 0.3706
 Red. masses --      2.0415                 2.6575                 1.3282
 Frequencies --    573.6571               659.7829               688.1823
                      A                      A                      A
                     10                     11                     12
    20   1    -0.00   0.01  -0.03     0.02   0.02  -0.03     0.04  -0.05  -0.28
    19   1    -0.00  -0.35   0.10    -0.02  -0.36   0.05     0.38   0.05   0.16
    18   1     0.03   0.52  -0.07     0.08   0.52  -0.14    -0.09  -0.04   0.16
    17   1    -0.03   0.01   0.05     0.00  -0.00  -0.00     0.02   0.15  -0.13
    16   1    -0.07  -0.03   0.09    -0.06   0.00   0.03     0.22  -0.10  -0.14
    15   1    -0.07  -0.02   0.08    -0.03   0.03  -0.01     0.01  -0.15   0.13
    14   1     0.07  -0.03  -0.09    -0.06  -0.00   0.03    -0.22  -0.10   0.14
    13   1     0.07  -0.02  -0.08    -0.03  -0.03  -0.01    -0.01  -0.15  -0.13
    12   1     0.03   0.01  -0.05     0.00   0.00  -0.00    -0.02   0.15   0.13
    11   1    -0.03   0.52   0.07     0.08  -0.52  -0.14     0.09  -0.04  -0.16
    10   1     0.00   0.01   0.03     0.02  -0.02  -0.03    -0.04  -0.05   0.28
     9   1     0.00  -0.35  -0.10    -0.02   0.36   0.05    -0.38   0.05  -0.16
     8   6     0.02  -0.08  -0.07    -0.00   0.11   0.03    -0.06   0.01  -0.03
     7   6     0.01   0.17  -0.02     0.04  -0.18  -0.06     0.11   0.01  -0.13
     6   6    -0.02  -0.08   0.07    -0.00  -0.11   0.03     0.06   0.01   0.03
     5   6    -0.01   0.17   0.02     0.04   0.18  -0.06    -0.11   0.01   0.13
     4   6    -0.06  -0.04   0.08    -0.02  -0.09   0.03    -0.07   0.08  -0.06
     3   6     0.06  -0.04  -0.08    -0.02   0.09   0.03     0.07   0.08   0.06
     2   6     0.05  -0.06  -0.07    -0.02   0.01   0.01    -0.01  -0.08   0.03
     1   6    -0.05  -0.06   0.07    -0.02  -0.01   0.01     0.01  -0.08  -0.03
  Atom  AN      X      Y      Z        X      Y      Z        X      Y      Z
 IR Inten    --      1.2713                 1.4650                 2.6212
 Frc consts  --      0.1897                 0.2416                 0.3784
 Red. masses --      2.3363                 2.2893                 2.2836
 Frequencies --    371.1951               423.2283               530.2904
                      A                      A                      A
                      7                      8                      9
    20   1     0.10   0.17  -0.30    -0.16   0.11   0.23    -0.17   0.17   0.08
    19   1     0.23   0.03  -0.06    -0.34   0.01  -0.01    -0.27   0.22  -0.08
    18   1    -0.14  -0.02  -0.06     0.09   0.11  -0.03    -0.07  -0.01  -0.04
    17   1    -0.07  -0.17   0.08    -0.07   0.06  -0.04    -0.17  -0.06  -0.01
    16   1    -0.30  -0.08   0.04     0.32  -0.02  -0.02     0.24  -0.00   0.00
    15   1    -0.18   0.19  -0.13     0.16  -0.00   0.22     0.03  -0.18   0.28
    14   1     0.30  -0.08  -0.04     0.32   0.02  -0.02    -0.24  -0.00  -0.00
    13   1     0.18   0.19   0.13     0.16   0.00   0.22    -0.03  -0.18  -0.28
    12   1     0.07  -0.17  -0.08    -0.07  -0.06  -0.04     0.17  -0.06   0.01
    11   1     0.14  -0.02   0.06     0.09  -0.11  -0.03     0.07  -0.01   0.04
    10   1    -0.10   0.17   0.30    -0.16  -0.11   0.23     0.17   0.17  -0.08
     9   1    -0.23   0.03   0.06    -0.34  -0.01  -0.01     0.27   0.22   0.08
     8   6    -0.09   0.08   0.13    -0.17  -0.07   0.05     0.18   0.15   0.03
     7   6     0.05  -0.01   0.01    -0.00  -0.06  -0.06     0.10   0.01   0.06
     6   6     0.09   0.08  -0.13    -0.17   0.07   0.05    -0.18   0.15  -0.03
     5   6    -0.05  -0.01  -0.01    -0.00   0.06  -0.06    -0.10   0.01  -0.06
     4   6    -0.08  -0.10   0.06     0.00   0.06  -0.08    -0.12  -0.08  -0.04
     3   6     0.08  -0.10  -0.06     0.00  -0.06  -0.08     0.12  -0.08   0.04
     2   6     0.12   0.01   0.00     0.17  -0.00   0.06    -0.03  -0.10  -0.05
     1   6    -0.12   0.01  -0.00     0.17   0.00   0.06     0.03  -0.10   0.05
  Atom  AN      X      Y      Z        X      Y      Z        X      Y      Z
 IR Inten    --      0.7842                 0.2046                 0.0632
 Frc consts  --      0.1019                 0.1434                 0.1781
 Red. masses --      2.5061                 2.9627                 3.2795
 Frequencies --    262.6438               286.6612               303.5711
                      A                      A                      A
                      4                      5                      6
    20   1     0.01   0.33   0.00     0.07  -0.03  -0.19     0.08   0.30  -0.11
    19   1    -0.01  -0.12   0.06     0.15  -0.10  -0.06     0.12   0.09   0.01
    18   1    -0.01   0.01   0.00    -0.08  -0.00  -0.09     0.02   0.33  -0.02
    17   1     0.00  -0.20  -0.01    -0.09   0.01   0.10     0.06   0.21   0.00
    16   1    -0.01   0.06   0.00     0.31   0.27   0.12    -0.15  -0.03   0.01
    15   1     0.01   0.06  -0.01     0.15  -0.12   0.34    -0.08  -0.04  -0.11
    14   1    -0.01  -0.06   0.00    -0.31   0.27  -0.12    -0.15   0.03   0.01
    13   1     0.01  -0.06  -0.01    -0.15  -0.12  -0.34    -0.08   0.04  -0.11
    12   1     0.00   0.20  -0.01     0.09   0.01  -0.10     0.06  -0.21   0.00
    11   1    -0.01  -0.01   0.00     0.08  -0.00   0.09     0.02  -0.33  -0.02
    10   1     0.01  -0.33   0.00    -0.07  -0.03   0.19     0.08  -0.30  -0.11
     9   1    -0.01   0.12   0.06    -0.15  -0.10   0.06     0.12  -0.09   0.01
     8   6     0.02  -0.38   0.02    -0.07  -0.05   0.10     0.07  -0.25  -0.03
     7   6    -0.05  -0.00  -0.02     0.01  -0.02   0.05     0.03  -0.19   0.02
     6   6     0.02   0.38   0.02     0.07  -0.05  -0.10     0.07   0.25  -0.03
     5   6    -0.05   0.00  -0.02    -0.01  -0.02  -0.05     0.03   0.19   0.02
     4   6    -0.01  -0.41   0.05    -0.01   0.01   0.05     0.02   0.23   0.02
     3   6    -0.01   0.41   0.05     0.01   0.01  -0.05     0.02  -0.23   0.02
     2   6     0.04   0.01  -0.05    -0.10   0.06  -0.12    -0.11   0.00   0.01
     1   6     0.04  -0.01  -0.05     0.10   0.06   0.12    -0.11  -0.00   0.01
  Atom  AN      X      Y      Z        X      Y      Z        X      Y      Z
 IR Inten    --      2.3730                 0.0093                 0.0361
 Frc consts  --      0.8912                 0.0044                 0.1914
 Red. masses --      8.1989                 2.0986                 4.7536
 Frequencies --   -429.5095                59.8181               261.3969
                      A                      A                      A
                      1                      2                      3
 and normal coordinates:
 incident light, reduced masses (AMU), force constants (mDyne/A),
 activities (A**4/AMU), depolarization ratios for plane and unpolarized
 Harmonic frequencies (cm**-1), IR intensities (KM/Mole), Raman scattering
        1.2339767       4.1951585       0.9607603
 Diagonal vibrational polarizability:
 ******    1 imaginary frequencies (negative Signs) ****** 
 Low frequencies ---    6.2976   60.0479  261.3974
 Low frequencies --- -429.5095  -14.4545   -0.0007   -0.0005   -0.0005    5.2462
 Full mass-weighted force constant matrix:
 Calling FoFJK, ICntrl=    100127 FMM=F ISym2X=0 I1Cent= 0 IOpClX= 0 NMat=1 NMatS=1 NMatT=0.
 LDataN:  DoStor=T MaxTD1= 8 Len=  415
 ECPInt:  NShTT=    9316 NPrTT=   27240 LenC2=    9239 LenP2D=   22136.
   1 Symmetry operations used in ECPInt.
 End of Minotr F.D. properties file   788 does not exist.
 End of Minotr F.D. properties file   722 does not exist.
 End of Minotr F.D. properties file   721 does not exist.
 Isotropic polarizability for W=    0.000000      102.33 Bohr**3.
 Solved reduced A of dimension   353 with    63 vectors.
 InvSVY:  IOpt=1 It=  1 EMax= 1.24D-14
      3 vectors produced by pass  7 Test12= 1.38D-14 1.59D-09 XBig12= 2.63D-15 8.79D-09.
     10 vectors produced by pass  6 Test12= 1.38D-14 1.59D-09 XBig12= 2.60D-12 2.04D-07.
     40 vectors produced by pass  5 Test12= 1.38D-14 1.59D-09 XBig12= 2.05D-09 6.62D-06.
     60 vectors produced by pass  4 Test12= 1.38D-14 1.59D-09 XBig12= 1.55D-06 2.03D-04.
     60 vectors produced by pass  3 Test12= 1.38D-14 1.59D-09 XBig12= 7.89D-04 3.38D-03.
     60 vectors produced by pass  2 Test12= 1.38D-14 1.59D-09 XBig12= 3.03D-01 1.02D-01.
     60 vectors produced by pass  1 Test12= 1.38D-14 1.59D-09 XBig12= 3.53D+01 1.42D+00.
 AX will form    60 AO Fock derivatives at one time.
     60 vectors produced by pass  0 Test12= 1.38D-14 1.59D-09 XBig12= 1.94D+02 1.16D+01.
          There are    63 degrees of freedom in the 1st order CPHF.  IDoFFX=6 NUNeed=     3.
 Keep R1 ints in memory in canonical form, NReq=1342483740.
          Differentiating once with respect to nuclear coordinates.
                with respect to dipole field.
          Differentiating once with respect to electric field.
          IDoAtm=11111111111111111111
 End of G2Drv F.D. properties file   788 does not exist.
 End of G2Drv F.D. properties file   722 does not exist.
 End of G2Drv F.D. properties file   721 does not exist.
 Calling FoFCou, ICntrl=  3107 FMM=F I1Cent=   0 AccDes= 0.00D+00.
 G2DrvN: will do    21 centers at a time, making    1 passes.
 IMax=3 JMax=2 DiffMx= 0.00D+00
 Symmetrizing basis deriv contribution to polar:
 LDataN:  DoStor=T MaxTD1= 7 Len=  274
 ECPInt:  NShTT=    9316 NPrTT=   27240 LenC2=    9239 LenP2D=   22136.
   1 Symmetry operations used in ECPInt.

 **** Warning!!: The largest alpha MO coefficient is  0.40333707D+02

 NROrb=    320 NOA=    30 NOB=    30 NVA=   290 NVB=   290
 NBasis=   320 NAE=    30 NBE=    30 NFC=     0 NFV=     0
 Range of M.O.s used for correlation:     1   320
 DoSCS=F DFT=T ScalE2(SS,OS)=  1.000000  1.000000
            NFock=  1  Conv=0.17D-08     -V/T= 2.0056
 SCF Done:  E(RB3LYP) =  -312.079787613     A.U. after    1 cycles
 No special actions if energy rises.
 Requested convergence on             energy=1.00D-06.
 Requested convergence on MAX density matrix=1.00D-06.
 Requested convergence on RMS density matrix=1.00D-08 within 128 cycles.
         Rot=    1.000000    0.000000    0.000000    0.000000 Ang=   0.00 deg.
 B after Tr=    -0.000000    0.000000    0.000000
 Initial guess from the checkpoint file:  "checkpoint.chk"
 NBsUse=   320 1.00D-06 EigRej= -1.00D+00 NBFU=   320
 NBasis=   320 RedAO= T EigKep=  2.55D-05  NBF=   320
 LDataN:  DoStor=T MaxTD1= 6 Len=  172
 ECPInt:  NShTT=    9316 NPrTT=   27240 LenC2=    9239 LenP2D=   22136.
   1 Symmetry operations used in ECPInt.
 One-electron integrals computed using PRISM.
 Two-electron integral symmetry is turned on.
 Raffenetti 2 integral format.
 Integral buffers will be    131072 words long.
 NAtoms=   20 NActive=   20 NUniq=   20 SFac= 1.00D+00 NAtFMM=   60 NAOKFM=F Big=F
       nuclear repulsion energy       368.2317326157 Hartrees.
    30 alpha electrons       30 beta electrons
   320 basis functions,   504 primitive gaussians,   360 cartesian basis functions
 There are   320 symmetry adapted basis functions of A   symmetry.
 There are   360 symmetry adapted cartesian basis functions of A   symmetry.
 Standard basis: def2TZVP (5D, 7F)
 Rotational constants (GHZ):           2.4921688           2.3101022           1.5833666
 ---------------------------------------------------------------------
     20          1           0       -2.550163    1.458015   -0.475888
     19          1           0       -1.084295    1.117500   -1.514942
     18          1           0       -1.172552    1.723800    1.500561
     17          1           0        1.175159    1.338605    1.569267
     16          1           0        1.115644    1.192973   -1.475670
     15          1           0        2.526200    1.189411   -0.436125
     14          1           0        1.115630   -1.192976   -1.475672
     13          1           0        2.526189   -1.189428   -0.436131
     12          1           0        1.175151   -1.338612    1.569265
     11          1           0       -1.172560   -1.723793    1.500563
     10          1           0       -2.550173   -1.458000   -0.475884
      9          1           0       -1.084305   -1.117496   -1.514941
      8          6           0       -1.495911   -1.220768   -0.521832
      7          6           0       -0.686321   -1.455198    0.566787
      6          6           0       -1.495902    1.220775   -0.521834
      5          6           0       -0.686313    1.455203    0.566786
      4          6           0        0.654729    1.092992    0.650833
      3          6           0        0.654722   -1.092996    0.650832
      2          6           0        1.525834   -0.769603   -0.556987
      1          6           0        1.525842    0.769594   -0.556985
