 Normal termination of Gaussian 16 at Fri Jun 10 10:35:26 2022.
 File lengths (MBytes):  RWF=     94 Int=      0 D2E=      0 Chk=     32 Scr=      1
 Elapsed time:       0 days  0 hours  4 minutes 16.6 seconds.
 Job cpu time:       0 days  0 hours 51 minutes 14.4 seconds.
 WRONG CONCLUSION WITH CONFIDENCE.
 LOGIC IS A SYSTEMATIC METHOD OF COMING TO THE


 @
 0.00000609,0.00000544,0.00000085,-0.00000129,0.00000240,-0.00000736\\\
 ,0.00000014,-0.00000818,0.00000738,0.00000384,-0.00000174,0.00000357,-
 -0.00000017,-0.00000353,0.00000035,-0.00000403,-0.00000163,-0.00000860
 33,0.00000836,0.00001129,0.00000642,-0.00000539,0.00000172,0.00000266,
 0230,0.00000286,-0.00000027,-0.00000920,0.00000079,0.00000199,0.000005
 304,-0.00000269,-0.00000241,-0.00001000,-0.00000062,-0.00000256,0.0000
 00778,0.00000146,0.00000368,-0.00000349,0.00000924,-0.00000485,0.00000
 00000969,0.00001038,0.00000397,0.00000866,0.00000376,-0.00000237,0.000
 00928768,0.00630637,0.00067057,0.33398609\\-0.00002056,-0.00000297,-0.
 0539548,0.00123838,-0.00012944,-0.00825613,-0.00159610,-0.00030549,-0.
 00025244,0.00019376,0.00015060,0.00126635,-0.00545138,-0.00116223,-0.3
 0.00057248,-0.00004853,0.00006942,-0.00009188,0.00003798,0.00008398,0.
 .00126040,-0.00068311,0.00622680,-0.00141982,-0.00049506,-0.00089120,-
 ,-0.01144062,0.00002349,0.00000743,0.00031532,-0.00011280,0.00008565,0
 ,-0.00010101,-0.00005251,-0.00001856,0.00006280,0.00009769,-0.00412176
 ,-0.00066411,0.00027986,-0.00003130,0.00006641,-0.00012319,-0.00008070
 22,0.05328667,-0.00029293,0.00017934,0.00001939,0.00067809,-0.00073312
 12,0.00162694,-0.01613662,-0.00224169,0.00081178,-0.01117032,-0.000513
 9,-0.00080050,-0.00014601,-0.00017952,-0.05539002,-0.00910369,0.002143
 3,-0.00007037,-0.00002766,0.00018674,0.00027748,-0.00018653,-0.0006718
 33,-0.00483734,0.00747518,0.00042380,0.00063844,-0.00007865,-0.0001286
 267,0.00022335,-0.00015342,0.00069754,-0.00064040,-0.00027646,0.000872
 05433,0.00006915,0.00003845,-0.00005465,0.00415215,0.02918007,-0.00026
 0022631,-0.00011154,0.00008621,0.00009768,0.00000245,-0.00003286,0.000
 0012158,-0.00009073,-0.00020408,-0.00031856,0.00085249,0.00006582,-0.0
 .00169998,-0.02388305,0.00352487,-0.00146908,0.02605420,0.04665181,0.0
 -0.00051194,0.00004502,-0.05162507,0.00004432,-0.00482787,0.00196962,0
 9,0.00004875,0.00016424,-0.00013458,0.00010475,-0.00012230,0.00012772,
 2,0.00085090,-0.00084719,-0.00014979,-0.00031736,0.00038139,-0.0000102
 988,-0.00012067,0.00015915,-0.00011691,0.00055610,0.00005435,0.0023539
 073,-0.00001971,0.00006785,-0.00255628,-0.00050193,-0.00304730,0.00001
 70,-0.00013789,0.00008250,-0.00013303,-0.00016558,-0.00011768,-0.00003
 0158,0.00013152,0.00004373,-0.00001142,0.00032106,-0.00051340,0.000118
 1007033,0.00462295,0.00476499,-0.09900546,0.03946342,0.09070616,0.0000
 015077,-0.00011312,-0.00010933,0.09476483,-0.04140101,-0.08993116,-0.0
 0007383,-0.00003555,0.00050761,-0.00024975,0.00007425,-0.00003253,0.00
 011545,-0.00001423,0.00131408,-0.00038242,-0.00043425,-0.00029237,-0.0
 00041192,0.00026494,0.00062390,-0.00005242,0.00021254,0.00031753,-0.00
 .00000524,0.00003857,-0.00003315,-0.01060326,0.00714350,0.00256552,-0.
 .00000879,-0.00003946,0.00003871,-0.00002818,0.00006539,-0.00011584,-0
 -0.00011055,0.00002412,0.00015831,0.00014778,0.00129827,-0.00119476,-0
 ,-0.03496927,-0.01388324,0.00790739,0.00709740,-0.09217958,0.09515052,
 ,0.00008718,-0.00012567,-0.00009553,-0.00000453,0.07727153,-0.07893712
 ,-0.00043702,-0.00089803,-0.00048376,0.00022303,-0.00020802,0.00037713
 7,-0.00002355,-0.00243993,0.00292089,-0.00330570,0.00255218,0.00101699
 5,-0.01072456,0.00181489,-0.00091684,-0.00059525,-0.00023880,0.0001539
 24,-0.00017206,0.00009163,0.00031427,-0.00007349,0.03225057,-0.0232574
 519028,0.00354153,0.00011594,0.00002440,0.00002253,0.00017298,0.000447
 996375,0.26585659,-0.00065846,-0.00024359,0.00017583,-0.00216891,-0.00
 00009018,-0.24994480,0.08663493,0.09005535,-0.01904384,0.00902367,0.00
 00001615,0.00018600,-0.00006467,-0.00011394,-0.00001653,0.00006232,-0.
 .00069783,0.00054296,-0.00143652,-0.00008662,0.00064526,-0.00048550,0.
 0.00008138,0.00007096,-0.00012912,0.00007082,0.00112561,-0.00173067,-0
 4,-0.00005710,-0.00416265,0.00221232,0.00221565,0.00002518,0.00020803,
 0557,0.00001065,0.00019329,0.00023616,-0.00016976,0.00000293,0.0001802
 6646,0.00028465,0.00103637,-0.00021788,-0.00088140,-0.00003320,-0.0000
 42370,-0.08358186,0.08398788,0.05311858,0.08373384,-0.00000898,-0.0000
 0055822,0.00070048,0.00006358,0.00019231,0.00027421,-0.08015163,-0.054
 0170494,-0.00125025,-0.00016936,-0.00000955,-0.00002257,0.00039337,0.0
 .00007445,0.00000388,0.00053620,-0.00027017,0.00140175,-0.00032286,0.0
 0.00843449,0.00208545,0.00009871,0.00005990,-0.00000383,-0.00006251,-0
 2,0.00038731,-0.00002656,0.00003109,0.00027318,-0.00022732,0.01005809,
 6,-0.00083988,-0.00026733,-0.00017321,0.00025180,-0.00006524,0.0003625
 41,0.12196249,0.13672375,-0.00066972,-0.00032374,0.00073650,-0.0000628
 36,0.00028540,0.00019137,-0.00008972,-0.10676977,-0.11886683,-0.047436
 31,-0.00003591,0.00011644,0.00012913,-0.00174559,-0.00107980,-0.000436
 1476,0.00167002,0.00362533,-0.00333275,0.00268716,-0.00495870,0.003297
 0969437,0.00002817,0.00012554,0.00001346,0.00010118,-0.00011852,0.0000
 0026852,0.00000886,0.00040505,-0.00001565,-0.02828578,-0.02634498,-0.0
 .00009938,0.00013860,-0.00008491,0.00013746,0.00092841,0.00024777,-0.0
 0.23550372,0.00019509,-0.00031736,0.00016895,-0.00189199,0.00080154,-0
 0.00006012,0.00016664,-0.00004663,-0.22104009,-0.11678724,-0.07701272,
 ,0.00041448,0.00011639,-0.00024906,0.00036828,0.00006429,-0.00019015,-
 3750,0.00054109,0.00116393,0.00143573,0.00034338,0.00012641,0.00022204
 14751,0.00000927,-0.00013303,-0.00007951,-0.00008433,0.00000900,0.0000
 0001759,-0.00000573,0.00016173,-0.00001767,0.00334400,0.00272883,0.000
 00051697,-0.00000959,0.00000196,-0.00008497,-0.00126372,0.00133234,0.0
 0.58009427,-0.00110095,0.00100548,0.00014745,0.00011452,-0.00017910,0.
 -0.00085291,0.00020853,-0.00024872,-0.00050917,-0.00707767,0.07219459,
 ,0.00835133,0.00006531,0.00026799,-0.00041204,-0.00204238,-0.00232818,
 ,-0.00060870,-0.00472387,0.03492679,-0.04985550,0.00302526,-0.00575770
 -0.06507369,0.00278430,-0.00220658,-0.00118548,-0.00026011,-0.00044388
 13,0.00061752,0.00022414,-0.00022268,0.00019426,0.00096824,0.00365960,
 134,0.00892126,0.00011285,0.00016874,-0.00020816,-0.00005659,-0.000238
 841,0.44213490,0.00079060,-0.00015114,-0.00056448,-0.00223339,-0.00811
 31411,-0.00053777,-0.00078347,0.00082489,0.00025980,0.00085483,0.02291
 0684290,-0.03009131,0.00429561,0.00232629,0.00139867,0.00036049,-0.001
 0.00060730,0.00019440,0.00086245,0.00061153,0.00518096,0.02083279,-0.0
 0.00060100,-0.14504659,-0.00264631,0.00103523,0.00079671,-0.00032490,-
 0.00002592,-0.00091859,0.00073837,-0.00084874,-0.00093430,-0.00021391,
 ,0.01069216,-0.02110905,0.00097748,0.00021716,0.00008129,-0.00011838,-
 510,0.00003225,0.00041976,0.62184069,0.00052029,0.00178484,-0.00004272
 162,-0.00149085,0.00020014,-0.00423851,-0.00388554,-0.00096769,0.00035
 07694,0.00163738,-0.00396101,0.00002568,-0.02938239,0.00871697,0.00026
 0472994,0.00279174,0.00140234,0.00047895,-0.00013082,-0.00062783,0.004
 0028870,-0.00016922,-0.00025433,-0.09064261,0.00606244,0.00094033,-0.0
 .00026126,0.00013988,-0.00025069,-0.00071225,0.00060929,0.00014540,0.0
 .00073342,0.00074276,-0.00000784,-0.00339976,0.02980242,-0.00783971,-0
 0.00037559,-0.00162523,-0.00965335,0.01538378,0.01070334,0.33255394,-0
 0.01347989,-0.00918572,-0.30442413,-0.00129818,0.00094663,-0.00958960,
 0.00006278,0.00005257,0.00126082,-0.00494507,-0.00356655,-0.00086449,-
 .00282008,0.00200845,-0.01001898,-0.00005264,-0.00005607,-0.00014011,-
 0.00000830,-0.00001379,0.00002071,-0.00007121,-0.00002617,0.00006810,0
 73,0.00117704,0.00000471,-0.00063853,0.00035078,0.00008117,0.00015285,
 06349,0.02781870,0.00379247,0.04907538,-0.00053378,0.00006207,0.000350
 290133,-0.00467812,-0.00193019,0.00000846,-0.01355440,0.00140503,0.005
 42927,0.00014968,-0.00381185,-0.00004289,-0.00400874,-0.00208641,-0.05
 02160,-0.01682361,-0.00009352,-0.00001558,0.00021900,-0.00011352,0.000
 00002934,0.00002201,0.00002410,0.00000707,0.00004201,0.00218106,-0.001
 00001904,0.00016230,0.00017770,-0.00001310,-0.00006772,-0.00004410,-0.
 -0.00304420,0.05215313,0.00005070,-0.00013402,0.00003448,0.00069929,0.
 ,-0.00666406,0.00477651,-0.00061186,0.02452392,-0.00016501,0.00013767,
 0.00034830,-0.00345574,-0.00368854,-0.00599117,-0.05440743,-0.00216718
 0.02500040,-0.00009583,0.00015191,-0.00002034,-0.00113425,-0.00003970,
 ,0.00000483,0.00000008,-0.00000087,-0.00001027,0.00083819,0.00222341,-
 6,-0.00041362,0.00043993,-0.00001517,-0.00019183,0.00003265,0.00001004
 2393,0.09358146,0.00018028,0.00011824,0.00045845,0.00043131,-0.0002231
 01223,-0.09273510,0.00102375,-0.01224982,0.00559386,0.01475094,-0.1088
 015598,-0.00004413,0.00021477,-0.00036950,0.00113029,-0.01148450,0.105
 .00984427,0.00203998,0.00033153,-0.00015523,0.00052520,0.00004678,0.00
 0.00007733,-0.00004712,0.00004063,0.00002876,0.00000629,-0.00070246,-0
 .00015322,-0.00050092,-0.00007591,-0.00004015,0.00000695,-0.00007236,-
 ,-0.02708099,0.30011935,0.00010280,-0.00028948,0.00002911,0.00026231,0
 12,0.02722245,-0.27545343,0.09818479,0.00139276,-0.01090302,0.00570634
 1463,-0.00007291,0.00003116,-0.00006603,0.00169363,0.00342310,0.000903
 5106,-0.00137613,-0.02275071,0.00769211,-0.00023190,0.00111866,-0.0000
 03205,0.00019289,0.00013718,0.00001521,-0.00004883,-0.00000354,-0.0000
 21321,0.00220647,-0.00013814,-0.00012779,-0.00003319,-0.00003156,0.000
 077585,0.02285379,-0.01096033,0.05799132,-0.00022076,0.00035042,-0.000
 0106334,0.00221119,0.00344053,-0.05125016,0.03715885,-0.01528171,-0.00
 .00092807,0.00012422,-0.00001912,-0.00008762,0.00012007,0.00004216,0.0
 0.00001251,0.00001009,0.00003015,-0.00354383,-0.03164955,0.00939744,-0
 ,-0.00001012,-0.00002375,0.00003978,0.00014342,0.00002829,0.00000411,-
 02,0.00010023,0.00020664,-0.00013441,0.00129367,-0.00228289,0.00017564
 121,0.09184377,-0.05088118,-0.09194219,-0.09413249,0.05535143,0.092897
 5684,-0.00024615,-0.00001885,0.00038383,-0.00027829,0.00029875,0.00111
 0329,-0.00962213,0.00310061,0.00200943,-0.00002465,-0.00018301,-0.0000
 12,-0.00003630,-0.00002801,-0.00002162,-0.00013836,-0.00003561,-0.0000
 595,-0.00064036,-0.00049877,-0.00109499,0.00011369,0.00005535,0.000086
 9416,-0.05166047,-0.10533850,0.11341574,-0.00053377,0.00000235,0.00064
 52,-0.00018170,0.,0.00085757,-0.00001821,0.00277610,0.10761642,-0.1077
 775,0.00524354,0.00576204,-0.00023425,0.00046306,-0.00026632,-0.000036
 514,0.00003771,0.00007913,-0.00036209,-0.00016017,-0.00011494,-0.02065
 54335,-0.00225633,-0.00114367,0.00005009,0.00001935,0.00003889,0.00017
 9774505,0.08424762,0.24486827,-0.00095747,0.00116476,0.00018867,-0.001
 0.00008427,0.00013689,0.00441437,0.00025981,0.00209257,-0.21931498,0.0
 ,0.01041418,0.01059006,0.00022203,-0.00010787,-0.00008198,0.00028080,-
 -0.00009407,0.00001756,-0.00047409,-0.00030851,-0.00019439,-0.03191540
 0.00445516,-0.00308999,-0.00005129,0.00000937,-0.00000163,-0.00010879,
 -0.03388712,0.58804408,-0.00072663,0.00123370,0.00091661,-0.00250603,-
 .00044191,-0.00064544,-0.03287195,-0.02133732,-0.04711540,-0.05060698,
 0.00025996,-0.06463809,-0.00029482,0.00027035,-0.00014153,0.00048969,0
 946,0.00019045,0.00008598,0.00089398,0.00035655,0.00030825,0.00107603,
 5230,0.00660918,0.00873579,0.00054722,-0.00023225,-0.00061901,-0.00005
 60402,-0.08872859,0.56587090,0.00253837,-0.00159518,-0.00114944,0.0067
 24854,0.00025312,-0.00009155,-0.00007315,-0.00142040,0.00304957,-0.013
 032570,-0.02679420,-0.10647412,0.00403901,0.00273619,0.00003273,-0.000
 .00003532,0.00013981,0.00004774,-0.00015803,0.00115872,0.00063393,0.00
 -0.00139579,0.00789733,0.00886887,0.00539949,-0.00016657,-0.00000437,0
 ,0.00134131,-0.00138316,-0.02014200,0.49121753,0.00319774,-0.00239019,
 ,0.00066365,-0.00198008,-0.00061255,0.00038639,-0.00072140,-0.00110645
 -0.00076904,-0.00045849,-0.00051233,-0.12816381,-0.02843094,0.00568424
 ,0.00025903,0.00006897,-0.00026545,-0.00013272,-0.00010916,0.00019830,
 ,-0.00150218,0.00245883,0.00205826,-0.03908982,-0.01228868,-0.00339935
 58,0.00578519,-0.00312672,-0.00127215,0.01309856,0.00600739,0.33056090
 52,-0.00774310,-0.00210364,-0.18974822,-0.00268500,0.00060397,0.001527
 6559,0.00010718,0.00007389,0.00012753,-0.00045370,-0.00000549,0.000981
 011835,0.01819660,-0.00975867,-0.04822649,0.00170450,0.00033644,0.0004
 0034380,-0.00309103,0.00081811,0.06691872,-0.00333982,0.00023685,-0.00
 .08787447,-0.00296065,-0.00234043,0.00310029,0.00028292,0.00324841,0.0
 0.00026743,-0.00065708,-0.00001936,0.00025869,0.00033463,0.00066956,-0
 0,0.00343447,-0.01621423,0.00027803,-0.00096030,0.00032022,0.00060599,
 703,0.00450446,0.07372764,-0.00101405,0.00120995,0.00008327,-0.0015671
 621,-0.00702998,0.00098416,-0.00154296,-0.00027674,-0.00389339,0.00222
 31335,0.00096728,0.00027373,0.00074907,0.00218044,-0.08585793,-0.00056
 0018757,0.02631669,0.00077899,0.00095893,0.00317581,-0.00024168,-0.000
 00080686,0.32760443,-0.00211749,-0.00055107,-0.00006975,0.00488513,0.0
 0196674,-0.01368261,-0.00113410,-0.00007430,-0.00932372,0.02107472,-0.
 0037676,0.00083388,-0.00061552,-0.00000188,-0.00004809,-0.00295943,0.0
 0179076,-0.29906910,-0.00129693,-0.00049541,0.00057913,0.00009130,-0.0
 00070259,0.05051829,-0.00069084,0.00050105,-0.00754995,-0.01792942,0.0
 .00093612,-0.00132217,-0.01596844,0.00174519,0.00272750,0.02909471,-0.
 ,0.00100130,0.00060780,-0.00021375,0.00010896,0.00028499,0.00026810,-0
 ,0.00092581,-0.05281191,0.00644646,-0.00233763,-0.00029523,-0.00157128
 3,-0.00031955,0.00100871,0.05876215,-0.00161178,0.00017029,-0.01453369
 0824,0.00061092,0.00058506,0.00162418,-0.00176902,0.02632216,0.0004962
 551051,-0.00265927,-0.00095495,0.00123608,0.00010089,0.00105850,0.0005
 86994,-0.00102522,-0.02998836,-0.05214701,0.00253262,-0.02463073,-0.00
 44647,-0.01438872,0.00246364,-0.00643878,-0.09364881,0.08370752,-0.000
 00211003,-0.00143405,0.00024824,0.00077780,0.00048820,0.00058202,0.003
 .00314901,0.09229235,-0.08418883,0.00050136,-0.00022104,0.00053639,-0.
 ,0.00646489,0.01427333,0.30632632,-0.00088718,-0.01109497,0.00451053,0
 6,-0.00107807,-0.00009523,0.00107117,0.00004239,0.00491897,-0.02202290
 9256,0.08496463,0.00024004,0.00021360,0.00003115,-0.00215976,0.0004178
 4628,0.06340258,-0.00273953,-0.01266890,0.00469243,-0.01350955,-0.2809
 292205,0.00107810,0.00028638,0.00057774,-0.00766700,0.03232051,-0.0073
 769330,0.00092072,0.00052301,-0.00020480,-0.00437269,-0.00250662,-0.00
 423608,-0.00424960,-0.02785214,0.01000597,-0.04577869,-0.02124135,0.00
 013220,-0.00305865,-0.00178222,-0.00335457,0.00700108,-0.00293514,0.40
 262883,-0.00215572,0.00018307,-0.00239642,0.00041801,-0.00030519,-0.00
 1539165,-0.00260733,0.00845154,0.00771414,-0.01247083,0.00206775,-0.06
 00016898,0.00084639,-0.00353113,-0.00127101,-0.00135361,0.01067470,0.5
 .09754293,0.00047121,0.00071735,0.00079321,-0.00083725,-0.00092728,-0.
 -0.00150761,0.49009369,-0.00703151,0.00951734,0.00769345,0.00705383,-0
 ,0.00159223,0.00122009,0.00023570,-0.00000098,-0.00376614,-0.00431812,
 23,0.00908560,-0.10293487,0.01464184,-0.00300655,0.00097093,0.00027912
 2035,0.00276708,-0.05053079,0.04053092,0.05948048,-0.03688056,0.015970
 35598,0.00183350,0.02481164,-0.01951408,-0.00401688,-0.01215459,0.0086
 119364,0.15187377,0.04710790,-0.03622179,-0.05860100,-0.01012170,0.007
 62113,-0.00272792,-0.00035964,0.02195556,-0.01704785,-0.00712854,-0.13
 272076,-0.14094768,-0.03667201,-0.01182730,0.00817436,0.00453661,0.001
 00060408,0.00057856,0.00454318,-0.00275185,-0.00193985,0.22082432,0.12
 .12006260,0.04597885,-0.02148558,0.01794576,0.00834077,-0.00026072,-0.
 .02964957,-0.01060563,-0.01692147,-0.11149341,0.10151068,-0.20071475,0
 0.10272647,-0.09992144,-0.00084876,-0.01287483,0.00475977,0.00327023,0
 68,0.00104145,0.00463042,-0.00133366,0.04031370,0.27582074,0.01723673,
 01,-0.03650107,-0.25137350,0.10072994,-0.00146616,-0.01312608,0.005313
 630,-0.02726016,0.01365030,-0.00108170,-0.00098329,0.00057175,0.058157
 8469,0.03407338,0.33979285,-0.05362284,-0.03418294,0.01635281,-0.00385
 45,-0.02876688,-0.31243014,-0.00461273,-0.00172242,-0.01138352,-0.0084
 9524,0.00137442,-0.00214499,-0.01563060,0.00114179,0.05413810,0.009000
 365,-0.00397941,-0.03191627,0.04763928,-0.00006842,-0.05352645,-0.0285
 52977,-0.05827387,0.58240413,-0.04436283,0.00100382,0.01241937,0.00045
 875933,0.05355308,0.56371730,-0.03253241,-0.02038969,-0.09679705,0.051
 94002,-0.05010948,-0.03297286,0.41593484,-0.04685656,-0.11055579,-0.01
 54809,-0.02914652,0.55805063,-0.03457852,-0.01335095,0.56296721,-0.152
 79,0.8228803,0.0739783,61.9331772\PG=C01 [X(C4H11N1O1)]\NImag=0\\0.499
 16,-0.0143513,0.0633449,-0.1543592\Polar=69.4739363,0.1121729,61.38830
 0.0538512,0.0778913,0.0075868,-0.0002315,0.0069812,-0.0080622,-0.00647
 .0719921,0.0271685,0.0149277,0.0521268,0.0135449,0.0601812,-0.0140503,
 50247,0.0297541,0.0131561,-0.0493716,-0.0100952,0.0515477,-0.0406803,0
 08,0.012676,-0.0418357,0.1788666,-0.0011775,-0.086276,-0.0246194,-0.04
 3,-0.1545981,0.0625432,-0.018874,-0.001051,-0.0168207,0.177418,0.02822
 0401783,0.0032388,-0.0453998,0.0481102,-0.0004433,-0.0635186,-0.040782
 36039,-0.0471547,0.0191446,-0.0170558,0.0576361,0.0551995,0.013979,-0.
 50951,0.0510423,-0.037398,0.055985,0.0604895,0.045776,-0.0293159,-0.01
 9395,0.1946009,-0.0318393,0.0164617,0.004794,0.0759833,0.0319677,-0.03
 564533,0.0514544,-0.0255836,0.07663,0.122501,-0.0085382,0.031477,0.022
 3,-0.0020617,-0.5546174,0.0040552,-0.0036893,-0.0069943,-0.7552851,0.1
 .0013492,-0.004588,-0.0450723,-0.1664464,-0.6292668,0.0051323,0.031553
 582268,0.0470582,-0.0360902,0.0115527,-0.0320995,0.0175667,0.0499295,0
 05743,-0.0374228,0.012364,-0.0108326,-0.086148,0.0131335,0.0099456,0.0
 09095,0.0089385,0.0180452,-0.0197172,0.0250905,-0.0131249,0.335802,0.0
 072223,-0.0315763,0.0360524,-0.0317603,0.082742,-0.00444,0.0121306,0.0
 2446,0.0825078,0.0205197,-0.0839999,0.0665051,0.0303868,0.0946585,-0.0
 0.0420894,-0.0115782,-0.0176272,-0.0665234,-0.1057678,0.0697573,-0.000
 16682,-0.0336933,0.054231,-0.0073168,-0.0602891,-0.0108486,-0.0104518,
 702,-0.0068446,-0.0207711,0.0160574,0.1754096,0.1250512,-0.0114521,0.0
 4,-0.0487506,-0.0104419,0.35292,-0.0590791,0.0353603,-0.0744275,0.1267
 .0696661,-0.0237311,-0.0401146,0.0127017,0.0981184,-0.0463584,0.007414
 hermal=0.1605107\Dipole=-0.016987,-0.0399764,-1.7630043\DipoleDeriv=-0
 03\HF=-289.0550611\RMSD=9.975e-10\RMSF=6.047e-06\ZeroPoint=0.1530979\T
 02245,-0.035132\H,-0.579813,1.408598,-1.539469\\Version=ES64L-G16RevA.
 554687,1.397564,-0.44779\H,0.285062,1.971776,-0.072332\H,-1.474018,1.8
 6\H,-1.507197,-1.786049,0.075166\H,-1.685173,-0.843072,-1.441487\C,-0.
 ,1.439254\C,-1.614059,-0.793748,-0.35272\H,-2.489317,-0.311569,0.07268
 1.691341,-0.117702\H,0.743962,-0.677917,-1.576313\O,-0.371144,0.029447
 .948218,-0.666928,-0.259951\N,-0.421603,0.001239,0.081462\H,0.763147,-
 ,-0.485922\H,2.061547,0.1065,1.070371\H,2.28594,0.948997,-0.479374\H,2
 \\int_initalOpt\\0,1\C,2.106192,-0.01922,-0.010356\C,0.82389,-0.668845
 \\#N Geom=AllCheck Guess=TCheck SCRF=Check GenChk RB3LYP/def2TZVP Freq
 1\1\GINC-BHC0028\Freq\RB3LYP\def2TZVP\C4H11N1O1\DHANAWAY\10-Jun-2022\0
 ----------------------------------------------------------------------

   zz         0.619528D+02      0.918046D+01      0.102146D+02
   zy         0.623533D-01      0.923980D-02      0.102807D-01
   zx        -0.897668D+00     -0.133021D+00     -0.148005D+00
   yy         0.613852D+02      0.909635D+01      0.101211D+02
   yx        -0.920112D-01     -0.136347D-01     -0.151706D-01
   xx         0.694574D+02      0.102925D+02      0.114520D+02
   aniso      0.795954D+01      0.117948D+01      0.131235D+01
   iso        0.642651D+02      0.952311D+01      0.105959D+02
               (au)            (10**-24 esu)      (10**-40 SI)
 Alpha(0;0):
 (esu units = cm**3 , SI units = C**2 m**2 J**-1)
 Dipole polarizability, Alpha (dipole orientation).

   z          0.176354D+01      0.448247D+01      0.149519D+02
   y          0.000000D+00      0.000000D+00      0.000000D+00
   x          0.000000D+00      0.000000D+00      0.000000D+00
   Tot        0.176354D+01      0.448247D+01      0.149519D+02
                  (au)            (Debye)         (10**-30 SI)
 (Debye = 10**-18 statcoulomb cm , SI units = C m)
 Electric dipole moment (dipole orientation):

     1         -1.06790538         -2.72724607          2.85850641
     1         -2.78509347         -3.40668340          0.01599806
     1          0.53957388         -3.72819879          0.04699269
     6         -1.04029535         -2.65963092          0.79617322
     1         -3.15795503          1.53066932          2.78997821
     1         -2.84905707          3.37718504         -0.03805658
     1         -4.70516788          0.59122877         -0.07865649
     6         -3.04340376          1.48413843          0.72972359
     8         -0.72753209          0.00594405         -2.71347646
     1          1.43465194          1.21337751          2.99339404
     1          1.44456338          3.19046546          0.28091759
     7         -0.79816031          0.00106181         -0.14627301
     1          5.57593545          1.24946027          0.46599127
     1          4.32813010         -1.81294678          0.82334886
     1          3.87607304         -0.15492742         -2.06418190
     6          1.56583723          1.24296372          0.93163527
     6          3.98013385          0.03630218         -0.01795061
 Dipole orientation:

 ----------------------------------------------------------------------

   zz         0.619332D+02      0.917755D+01      0.102114D+02
   zy         0.739783D-01      0.109625D-01      0.121974D-01
   zx         0.822880D+00      0.121938D+00      0.135675D+00
   yy         0.613883D+02      0.909681D+01      0.101216D+02
   yx         0.112173D+00      0.166223D-01      0.184948D-01
   xx         0.694739D+02      0.102950D+02      0.114547D+02
   aniso      0.795954D+01      0.117948D+01      0.131235D+01
   iso        0.642651D+02      0.952311D+01      0.105959D+02
               (au)            (10**-24 esu)      (10**-40 SI)
 Alpha(0;0):
 (esu units = cm**3 , SI units = C**2 m**2 J**-1)
 Dipole polarizability, Alpha (input orientation).

   z         -0.176300D+01     -0.448111D+01     -0.149474D+02
   y         -0.399764D-01     -0.101610D+00     -0.338934D+00
   x         -0.169870D-01     -0.431768D-01     -0.144022D+00
   Tot        0.176354D+01      0.448247D+01      0.149519D+02
                  (au)            (Debye)         (10**-30 SI)
 (Debye = 10**-18 statcoulomb cm , SI units = C m)
 Electric dipole moment (input orientation):

 ----------------------------------------------------------------------


 GradGradGradGradGradGradGradGradGradGradGradGradGradGradGradGradGradGrad
 --------------------------------------------------------------------------------
 ! D36   D(10,6,14,17)         -61.5635         -DE/DX =    0.0                 !
 ! D35   D(10,6,14,16)          59.6105         -DE/DX =    0.0                 !
 ! D34   D(10,6,14,15)         176.5649         -DE/DX =    0.0                 !
 ! D33   D(9,6,14,17)          178.9808         -DE/DX =    0.0                 !
 ! D32   D(9,6,14,16)          -59.8451         -DE/DX =    0.0                 !
 ! D31   D(9,6,14,15)           57.1093         -DE/DX =    0.0                 !
 ! D30   D(2,6,14,17)           56.8631         -DE/DX =    0.0                 !
 ! D29   D(2,6,14,16)          178.0372         -DE/DX =    0.0                 !
 ! D28   D(2,6,14,15)          -65.0084         -DE/DX =    0.0                 !
 ! D27   D(14,6,10,13)          60.5932         -DE/DX =    0.0                 !
 ! D26   D(14,6,10,12)        -177.9475         -DE/DX =    0.0                 !
 ! D25   D(14,6,10,11)         -60.8723         -DE/DX =    0.0                 !
 ! D24   D(9,6,10,13)         -179.7084         -DE/DX =    0.0                 !
 ! D23   D(9,6,10,12)          -58.2491         -DE/DX =    0.0                 !
 ! D22   D(9,6,10,11)           58.8262         -DE/DX =    0.0                 !
 ! D21   D(2,6,10,13)          -59.3991         -DE/DX =    0.0                 !
 ! D20   D(2,6,10,12)           62.0603         -DE/DX =    0.0                 !
 ! D19   D(2,6,10,11)          179.1355         -DE/DX =    0.0                 !
 ! D18   D(8,2,6,14)           -58.7269         -DE/DX =    0.0                 !
 ! D17   D(8,2,6,10)            60.1396         -DE/DX =    0.0                 !
 ! D16   D(8,2,6,9)            179.6621         -DE/DX =    0.0                 !
 ! D15   D(7,2,6,14)          -174.5829         -DE/DX =    0.0                 !
 ! D14   D(7,2,6,10)           -55.7164         -DE/DX =    0.0                 !
 ! D13   D(7,2,6,9)             63.8061         -DE/DX =    0.0                 !
 ! D12   D(1,2,6,14)            66.1582         -DE/DX =    0.0                 !
 ! D11   D(1,2,6,10)          -174.9754         -DE/DX =    0.0                 !
 ! D10   D(1,2,6,9)            -55.4529         -DE/DX =    0.0                 !
 ! D9    D(5,1,2,8)            -69.9085         -DE/DX =    0.0                 !
 ! D8    D(5,1,2,7)             51.7261         -DE/DX =    0.0                 !
 ! D7    D(5,1,2,6)            167.3515         -DE/DX =    0.0                 !
 ! D6    D(4,1,2,8)             49.4373         -DE/DX =    0.0                 !
 ! D5    D(4,1,2,7)            171.0719         -DE/DX =    0.0                 !
 ! D4    D(4,1,2,6)            -73.3027         -DE/DX =    0.0                 !
 ! D3    D(3,1,2,8)            171.026          -DE/DX =    0.0                 !
 ! D2    D(3,1,2,7)            -67.3393         -DE/DX =    0.0                 !
 ! D1    D(3,1,2,6)             48.2861         -DE/DX =    0.0                 !
 ! A30   A(16,14,17)           110.8942         -DE/DX =    0.0                 !
 ! A29   A(15,14,17)           111.0144         -DE/DX =    0.0                 !
 ! A28   A(15,14,16)           109.0684         -DE/DX =    0.0                 !
 ! A27   A(6,14,17)            111.3688         -DE/DX =    0.0                 !
 ! A26   A(6,14,16)            106.7439         -DE/DX =    0.0                 !
 ! A25   A(6,14,15)            107.5912         -DE/DX =    0.0                 !
 ! A24   A(12,10,13)           110.9738         -DE/DX =    0.0                 !
 ! A23   A(11,10,13)           110.9798         -DE/DX =    0.0                 !
 ! A22   A(11,10,12)           109.3092         -DE/DX =    0.0                 !
 ! A21   A(6,10,13)            111.3984         -DE/DX =    0.0                 !
 ! A20   A(6,10,12)            107.0084         -DE/DX =    0.0                 !
 ! A19   A(6,10,11)            107.0063         -DE/DX =    0.0                 !
 ! A18   A(10,6,14)            108.7483         -DE/DX =    0.0                 !
 ! A17   A(9,6,14)             109.6742         -DE/DX =    0.0                 !
 ! A16   A(9,6,10)             109.2847         -DE/DX =    0.0                 !
 ! A15   A(2,6,14)             110.5281         -DE/DX =    0.0                 !
 ! A14   A(2,6,10)             108.0256         -DE/DX =    0.0                 !
 ! A13   A(2,6,9)              110.5347         -DE/DX =    0.0                 !
 ! A12   A(7,2,8)              108.9958         -DE/DX =    0.0                 !
 ! A11   A(6,2,8)              108.3741         -DE/DX =    0.0                 !
 ! A10   A(6,2,7)              103.9753         -DE/DX =    0.0                 !
 ! A9    A(1,2,8)              112.2541         -DE/DX =    0.0                 !
 ! A8    A(1,2,7)              110.124          -DE/DX =    0.0                 !
 ! A7    A(1,2,6)              112.7423         -DE/DX =    0.0                 !
 ! A6    A(4,1,5)              107.5394         -DE/DX =    0.0                 !
 ! A5    A(3,1,5)              109.0966         -DE/DX =    0.0                 !
 ! A4    A(3,1,4)              109.3313         -DE/DX =    0.0                 !
 ! A3    A(2,1,5)              109.086          -DE/DX =    0.0                 !
 ! A2    A(2,1,4)              112.6661         -DE/DX =    0.0                 !
 ! A1    A(2,1,3)              109.0589         -DE/DX =    0.0                 !
 ! R16   R(14,17)                1.092          -DE/DX =    0.0                 !
 ! R15   R(14,16)                1.0859         -DE/DX =    0.0                 !
 ! R14   R(14,15)                1.0844         -DE/DX =    0.0                 !
 ! R13   R(10,13)                1.0922         -DE/DX =    0.0                 !
 ! R12   R(10,12)                1.0859         -DE/DX =    0.0                 !
 ! R11   R(10,11)                1.0861         -DE/DX =    0.0                 !
 ! R10   R(6,14)                 1.4992         -DE/DX =    0.0                 !
 ! R9    R(6,10)                 1.4975         -DE/DX =    0.0                 !
 ! R8    R(6,9)                  1.359          -DE/DX =    0.0                 !
 ! R7    R(2,8)                  1.0934         -DE/DX =    0.0                 !
 ! R6    R(2,7)                  1.0885         -DE/DX =    0.0                 !
 ! R5    R(2,6)                  1.5239         -DE/DX =    0.0                 !
 ! R4    R(1,5)                  1.0913         -DE/DX =    0.0                 !
 ! R3    R(1,4)                  1.0907         -DE/DX =    0.0                 !
 ! R2    R(1,3)                  1.0889         -DE/DX =    0.0                 !
 ! R1    R(1,2)                  1.5141         -DE/DX =    0.0                 !
 --------------------------------------------------------------------------------
 ! Name  Definition              Value          Derivative Info.                !
 --------------------------                            --------------------------
                           ! (Angstroms and Degrees)  !
                           !   Optimized Parameters   !
                           ----------------------------
    -- Stationary point found.
 Optimization completed.
 Predicted change in Energy=-4.090923D-09
 RMS     Displacement     0.000184     0.001200     YES
 Maximum Displacement     0.000695     0.001800     YES
 RMS     Force            0.000004     0.000300     YES
 Maximum Force            0.000009     0.000450     YES
         Item               Value     Threshold  Converged?
   D36       -1.07449   0.00000   0.00000   0.00016   0.00016  -1.07432
   D35        1.04040   0.00000   0.00000   0.00016   0.00016   1.04056
   D34        3.08164   0.00000   0.00000   0.00016   0.00016   3.08180
   D33        3.12380   0.00000   0.00000   0.00013   0.00013   3.12394
   D32       -1.04449  -0.00000   0.00000   0.00013   0.00013  -1.04437
   D31        0.99675   0.00000   0.00000   0.00013   0.00013   0.99688
   D30        0.99245  -0.00000   0.00000   0.00008   0.00008   0.99253
   D29        3.10733  -0.00000   0.00000   0.00008   0.00008   3.10741
   D28       -1.13461  -0.00000   0.00000   0.00008   0.00008  -1.13453
   D27        1.05755  -0.00000   0.00000   0.00017   0.00017   1.05772
   D26       -3.10577  -0.00000   0.00000   0.00017   0.00017  -3.10560
   D25       -1.06242  -0.00000   0.00000   0.00019   0.00019  -1.06223
   D24       -3.13650   0.00000   0.00000   0.00022   0.00022  -3.13628
   D23       -1.01664   0.00000   0.00000   0.00022   0.00022  -1.01642
   D22        1.02671   0.00000   0.00000   0.00023   0.00023   1.02694
   D21       -1.03671   0.00000   0.00000   0.00025   0.00025  -1.03646
   D20        1.08316   0.00000   0.00000   0.00025   0.00025   1.08341
   D19        3.12650   0.00000   0.00000   0.00026   0.00026   3.12677
   D18       -1.02498  -0.00000   0.00000   0.00023   0.00023  -1.02474
   D17        1.04963  -0.00000   0.00000   0.00017   0.00017   1.04980
   D16        3.13570  -0.00000   0.00000   0.00019   0.00019   3.13588
   D15       -3.04705   0.00000   0.00000   0.00025   0.00025  -3.04680
   D14       -0.97244   0.00000   0.00000   0.00019   0.00019  -0.97225
   D13        1.11363   0.00000   0.00000   0.00020   0.00020   1.11383
   D12        1.15468   0.00000   0.00000   0.00024   0.00024   1.15492
   D11       -3.05390   0.00000   0.00000   0.00017   0.00017  -3.05372
   D10       -0.96783  -0.00000   0.00000   0.00019   0.00019  -0.96765
    D9       -1.22013   0.00000   0.00000   0.00018   0.00018  -1.21996
    D8        0.90279   0.00000   0.00000   0.00016   0.00016   0.90295
    D7        2.92084   0.00000   0.00000   0.00021   0.00021   2.92104
    D6        0.86284  -0.00000   0.00000   0.00016   0.00016   0.86300
    D5        2.98577  -0.00000   0.00000   0.00014   0.00014   2.98591
    D4       -1.27937   0.00000   0.00000   0.00019   0.00019  -1.27919
    D3        2.98497  -0.00000   0.00000   0.00011   0.00011   2.98508
    D2       -1.17529  -0.00000   0.00000   0.00009   0.00009  -1.17520
    D1        0.84275   0.00000   0.00000   0.00014   0.00014   0.84289
   A30        1.93547   0.00000   0.00000   0.00003   0.00003   1.93550
   A29        1.93757  -0.00000   0.00000  -0.00001  -0.00001   1.93755
   A28        1.90360  -0.00000   0.00000   0.00000   0.00000   1.90360
   A27        1.94375  -0.00000   0.00000  -0.00003  -0.00003   1.94373
   A26        1.86303  -0.00000   0.00000  -0.00004  -0.00004   1.86300
   A25        1.87782   0.00001   0.00000   0.00005   0.00005   1.87787
   A24        1.93686   0.00000   0.00000   0.00003   0.00003   1.93689
   A23        1.93696   0.00000   0.00000   0.00000   0.00000   1.93697
   A22        1.90781   0.00000   0.00000   0.00002   0.00002   1.90782
   A21        1.94427  -0.00001   0.00000  -0.00004  -0.00004   1.94423
   A20        1.86765   0.00000   0.00000  -0.00002  -0.00002   1.86763
   A19        1.86761  -0.00000   0.00000   0.00001   0.00001   1.86762
   A18        1.89802   0.00000   0.00000  -0.00001  -0.00001   1.89800
   A17        1.91418   0.00000   0.00000   0.00004   0.00004   1.91421
   A16        1.90738  -0.00000   0.00000   0.00002   0.00002   1.90739
   A15        1.92908  -0.00000   0.00000  -0.00004  -0.00004   1.92904
   A14        1.88540  -0.00000   0.00000  -0.00005  -0.00005   1.88536
   A13        1.92919   0.00000   0.00000   0.00004   0.00004   1.92924
   A12        1.90234  -0.00000   0.00000  -0.00002  -0.00002   1.90232
   A11        1.89149  -0.00000   0.00000  -0.00004  -0.00004   1.89145
   A10        1.81471   0.00000   0.00000   0.00004   0.00004   1.81475
    A9        1.95920   0.00000   0.00000   0.00002   0.00002   1.95922
    A8        1.92203  -0.00000   0.00000  -0.00001  -0.00001   1.92201
    A7        1.96772   0.00000   0.00000   0.00001   0.00001   1.96773
    A6        1.87692   0.00000   0.00000   0.00001   0.00001   1.87693
    A5        1.90410   0.00001   0.00000   0.00009   0.00009   1.90418
    A4        1.90819  -0.00000   0.00000  -0.00003  -0.00003   1.90817
    A3        1.90391  -0.00001   0.00000  -0.00004  -0.00004   1.90387
    A2        1.96639   0.00000   0.00000  -0.00001  -0.00001   1.96639
    A1        1.90344  -0.00000   0.00000  -0.00002  -0.00002   1.90342
   R16        2.06363  -0.00001   0.00000  -0.00003  -0.00003   2.06360
   R15        2.05209  -0.00001   0.00000  -0.00002  -0.00002   2.05207
   R14        2.04917  -0.00000   0.00000  -0.00001  -0.00001   2.04916
   R13        2.06396  -0.00001   0.00000  -0.00003  -0.00003   2.06393
   R12        2.05204  -0.00000   0.00000  -0.00001  -0.00001   2.05203
   R11        2.05237  -0.00001   0.00000  -0.00002  -0.00002   2.05236
   R10        2.83304   0.00000   0.00000   0.00002   0.00002   2.83307
    R9        2.82984   0.00000   0.00000   0.00003   0.00003   2.82988
    R8        2.56818  -0.00001   0.00000  -0.00004  -0.00004   2.56814
    R7        2.06614  -0.00001   0.00000  -0.00003  -0.00003   2.06611
    R6        2.05692  -0.00000   0.00000  -0.00001  -0.00001   2.05691
    R5        2.87970  -0.00001   0.00000  -0.00002  -0.00002   2.87968
    R4        2.06217  -0.00001   0.00000  -0.00003  -0.00003   2.06214
    R3        2.06122  -0.00001   0.00000  -0.00002  -0.00002   2.06120
    R2        2.05778  -0.00001   0.00000  -0.00003  -0.00003   2.05776
    R1        2.86122   0.00001   0.00000   0.00003   0.00003   2.86125
                                 (Linear)    (Quad)   (Total)
 Variable       Old X    -DE/DX   Delta X   Delta X   Delta X     New X
 Iteration  2 RMS(Cart)=  0.00000002 RMS(Int)=  0.00000000
 Iteration  1 RMS(Cart)=  0.00018370 RMS(Int)=  0.00000002
 Linear search not attempted -- first point.
 Angle between quadratic step and forces=  76.74 degrees.
     Eigenvalues ---    0.34871   0.35074   0.35379   0.35845   0.38257
     Eigenvalues ---    0.33565   0.33610   0.34056   0.34473   0.34818
     Eigenvalues ---    0.27729   0.27817   0.32323   0.32943   0.33378
     Eigenvalues ---    0.16538   0.18402   0.18515   0.21712   0.27400
     Eigenvalues ---    0.13885   0.15090   0.15489   0.15841   0.16163
     Eigenvalues ---    0.07684   0.10918   0.12198   0.12483   0.13068
     Eigenvalues ---    0.04694   0.04738   0.04839   0.07112   0.07618
     Eigenvalues ---    0.03919   0.04394   0.04539   0.04638   0.04677
     Eigenvalues ---    0.00196   0.00199   0.00368   0.00453   0.03816
 ITU=  0
 Second derivative matrix not updated -- analytic derivatives used.
 All quantities printed in internal units (Hartrees-Bohrs-Radians)
 Step number   1 out of a maximum of    2
 Search for a local minimum.
 Internal  Forces:  Max     0.000008979 RMS     0.000003556
 Berny optimization.
 GradGradGradGradGradGradGradGradGradGradGradGradGradGradGradGradGradGrad

 FormGI is forming the generalized inverse of G from B-inverse, IUseBI=4.
 Cartesian Forces:  Max     0.000020556 RMS     0.000006047
 -------------------------------------------------------------------
     17        1           0.000001289   -0.000002404    0.000007360
     16        1           0.000006089   -0.000005440   -0.000000852
     15        1          -0.000003843    0.000001736   -0.000003570
     14        6          -0.000000141    0.000008177   -0.000007381
     13        1           0.000004034    0.000001630    0.000008597
     12        1           0.000000173    0.000003526   -0.000000348
     11        1           0.000005386   -0.000001719   -0.000002655
     10        6          -0.000008365   -0.000011294   -0.000006417
      9        8          -0.000000794   -0.000001988   -0.000005325
      8        1          -0.000002860    0.000000270    0.000009195
      7        1           0.000000622    0.000002556   -0.000002302
      6        7           0.000002689    0.000002410    0.000010001
      5        1          -0.000009239    0.000004852   -0.000003044
      4        1          -0.000001458   -0.000003682    0.000003491
      3        1          -0.000003757    0.000002371   -0.000007778
      2        6          -0.000010381   -0.000003973   -0.000008661
      1        6           0.000020556    0.000002974    0.000009688
 -------------------------------------------------------------------
 Number     Number              X              Y              Z
 Center     Atomic                   Forces (Hartrees/Bohr)
 -------------------------------------------------------------------
 ***** Axes restored to original set *****
 Rotational      0.143647D+06          5.157297         11.875115
 Translational   0.330487D+08          7.519154         17.313492
 Electronic      0.100000D+01          0.000000          0.000000
 Vib (V=0)   10  0.107945D+01          0.033201          0.076449
 Vib (V=0)    9  0.110715D+01          0.044207          0.101790
 Vib (V=0)    8  0.113667D+01          0.055636          0.128106
 Vib (V=0)    7  0.117429D+01          0.069777          0.160667
 Vib (V=0)    6  0.120440D+01          0.080771          0.185981
 Vib (V=0)    5  0.134708D+01          0.129393          0.297937
 Vib (V=0)    4  0.134862D+01          0.129889          0.299081
 Vib (V=0)    3  0.145196D+01          0.161954          0.372913
 Vib (V=0)    2  0.157763D+01          0.198005          0.455924
 Vib (V=0)    1  0.243969D+01          0.387334          0.891870
 Vib (V=0)       0.222574D+02          1.347475          3.102676
 Vib (Bot)   10  0.292845D+00         -0.533362         -1.228111
 Vib (Bot)    9  0.344430D+00         -0.462899         -1.065864
 Vib (Bot)    8  0.394149D+00         -0.404339         -0.931026
 Vib (Bot)    7  0.452407D+00         -0.344471         -0.793173
 Vib (Bot)    6  0.496164D+00         -0.304375         -0.700849
 Vib (Bot)    5  0.683769D+00         -0.165091         -0.380135
 Vib (Bot)    4  0.685677D+00         -0.163880         -0.377348
 Vib (Bot)    3  0.810076D+00         -0.091474         -0.210627
 Vib (Bot)    2  0.954614D+00         -0.020172         -0.046448
 Vib (Bot)    1  0.187414D+01          0.272801          0.628148
 Vib (Bot)       0.846066D-69        -69.072596       -159.045529
 Total V=0       0.105664D+15         14.023926         32.291283
 Total Bot       0.401657D-56        -56.396145       -129.856922
                       Q            Log10(Q)             Ln(Q)
 Vibration    10          0.896              1.160              0.564
 Vibration     9          0.840              1.286              0.700
 Vibration     8          0.799              1.385              0.830
 Vibration     7          0.762              1.480              0.980
 Vibration     6          0.740              1.539              1.090
 Vibration     5          0.681              1.709              1.527
 Vibration     4          0.680              1.710              1.532
 Vibration     3          0.658              1.776              1.789
 Vibration     2          0.642              1.828              2.059
 Vibration     1          0.606              1.942              3.281
 Vibrational             98.945             21.536             15.806
 Rotational               0.889              2.981             26.579
 Translational            0.889              2.981             39.373
 Electronic               0.000              0.000              0.000
 Total                  100.722             27.498             81.758
                      KCal/Mol        Cal/Mol-Kelvin    Cal/Mol-Kelvin
                     E (Thermal)             CV                S
 
 Sum of electronic and thermal Free Energies=         -288.932452
 Sum of electronic and thermal Enthalpies=            -288.893606
 Sum of electronic and thermal Energies=              -288.894550
 Sum of electronic and zero-point Energies=           -288.901963
 Thermal correction to Gibbs Free Energy=         0.122609
 Thermal correction to Enthalpy=                  0.161455
 Thermal correction to Energy=                    0.160511
 Zero-point correction=                           0.153098 (Hartree/Particle)
 
                             4508.82  4517.52  4529.55  4562.75  4578.50
                             4370.65  4381.67  4390.69  4454.96  4483.92
                             2138.76  2150.42  2169.32  2176.90  4364.60
                             2037.16  2081.13  2102.78  2125.89  2131.77
                             1773.67  1811.68  1912.03  1991.06  2020.60
                             1447.91  1546.44  1602.96  1631.18  1735.50
                             1019.67  1149.41  1276.90  1335.34  1361.08
          (Kelvin)            528.82   568.77   631.56   696.27   777.91
 Vibrational temperatures:    157.26   299.56   347.96   403.35   404.33
           vibrations may cause significant error
 Warning -- explicit consideration of  10 degrees of freedom as
                                   96.07037 (Kcal/Mol)
 Zero-point vibrational energy     401958.4 (Joules/Mol)
 Rotational constants (GHZ):           4.93086     2.76630     2.67621
 Rotational temperatures (Kelvin)      0.23664     0.13276     0.12844
 Rotational symmetry number  1.
 This molecule is an asymmetric top.
           Z           -0.02385   0.03430   0.99913
           Y           -0.00759   0.99938  -0.03449
           X            0.99969   0.00841   0.02358
     Eigenvalues --   366.00970 652.40342 674.36342
                           1         2         3
 Principal axes and moments of inertia in atomic units:
 Molecular mass:    89.08406 amu.
 Atom    17 has atomic number  1 and mass   1.00783
 Atom    16 has atomic number  1 and mass   1.00783
 Atom    15 has atomic number  1 and mass   1.00783
 Atom    14 has atomic number  6 and mass  12.00000
 Atom    13 has atomic number  1 and mass   1.00783
 Atom    12 has atomic number  1 and mass   1.00783
 Atom    11 has atomic number  1 and mass   1.00783
 Atom    10 has atomic number  6 and mass  12.00000
 Atom     9 has atomic number  8 and mass  15.99491
 Atom     8 has atomic number  1 and mass   1.00783
 Atom     7 has atomic number  1 and mass   1.00783
 Atom     6 has atomic number  7 and mass  14.00307
 Atom     5 has atomic number  1 and mass   1.00783
 Atom     4 has atomic number  1 and mass   1.00783
 Atom     3 has atomic number  1 and mass   1.00783
 Atom     2 has atomic number  6 and mass  12.00000
 Atom     1 has atomic number  6 and mass  12.00000
 Temperature   298.150 Kelvin.  Pressure   1.00000 Atm.
 -------------------
 - Thermochemistry -
 -------------------

    17   1    -0.01  -0.00  -0.43     0.00   0.00   0.04    -0.01  -0.00   0.09
    16   1     0.60  -0.25  -0.26     0.00  -0.00  -0.00     0.43  -0.19  -0.21
    15   1    -0.32  -0.20  -0.12     0.11   0.07   0.05     0.65   0.44   0.29
    14   6    -0.02   0.04   0.07    -0.01  -0.01  -0.01    -0.09  -0.02  -0.01
    13   1    -0.01  -0.01  -0.20     0.01  -0.01  -0.01    -0.00   0.00  -0.01
    12   1    -0.03   0.25  -0.10    -0.07   0.65  -0.29     0.01  -0.07   0.03
    11   1     0.15  -0.09  -0.07    -0.54   0.30   0.27     0.08  -0.05  -0.04
    10   6    -0.01  -0.01   0.03     0.05  -0.08   0.00    -0.01   0.01   0.00
     9   8     0.00  -0.00  -0.00    -0.00   0.00   0.00     0.00   0.00   0.00
     8   1    -0.00  -0.00  -0.05    -0.00  -0.00  -0.01     0.00  -0.00   0.00
     7   1     0.00   0.07  -0.02     0.00   0.05  -0.02     0.00   0.01  -0.00
     6   7    -0.00   0.00   0.00     0.00  -0.00  -0.00    -0.00  -0.00  -0.00
     5   1     0.01  -0.01  -0.00    -0.01   0.00   0.00    -0.01   0.01   0.00
     4   1    -0.00  -0.01   0.00     0.00   0.02  -0.01     0.01   0.04  -0.02
     3   1    -0.00  -0.00  -0.02     0.00  -0.00  -0.01     0.00  -0.00  -0.01
     2   6     0.00  -0.01   0.01    -0.00  -0.00   0.00     0.00  -0.00   0.00
     1   6    -0.00   0.00   0.00    -0.00  -0.00   0.00     0.00  -0.00   0.00
  Atom  AN      X      Y      Z        X      Y      Z        X      Y      Z
 IR Inten    --     15.0264                 7.4517                 6.4383
 Frc consts  --      6.3881                 6.5557                 6.5920
 Red. masses --      1.0939                 1.1064                 1.1049
 Frequencies --   3148.1940              3171.2718              3182.2183
                      A                      A                      A
                     43                     44                     45
    17   1    -0.00   0.00  -0.00     0.00   0.00   0.04     0.01   0.00   0.16
    16   1    -0.03   0.01   0.01    -0.02   0.01   0.01    -0.28   0.12   0.12
    15   1    -0.00  -0.00  -0.00     0.03   0.02   0.01     0.12   0.07   0.04
    14   6     0.00  -0.00  -0.00    -0.00  -0.00  -0.00     0.01  -0.02  -0.03
    13   1     0.00   0.00   0.05    -0.01  -0.00  -0.10    -0.02  -0.02  -0.44
    12   1     0.01  -0.09   0.04    -0.02   0.14  -0.06    -0.06   0.46  -0.19
    11   1    -0.02   0.01   0.01     0.10  -0.06  -0.05     0.47  -0.27  -0.22
    10   6     0.00   0.01  -0.01    -0.01  -0.01   0.02    -0.03  -0.01   0.07
     9   8    -0.00   0.00  -0.00     0.00   0.00   0.00     0.00   0.00  -0.00
     8   1    -0.02  -0.01  -0.24     0.02   0.00   0.14    -0.01  -0.00  -0.06
     7   1     0.05   0.74  -0.27    -0.02  -0.20   0.07     0.01   0.11  -0.04
     6   7     0.00  -0.00   0.00    -0.00  -0.00  -0.00    -0.00  -0.00   0.00
     5   1    -0.32   0.24   0.09    -0.18   0.15   0.04     0.02  -0.02  -0.01
     4   1     0.04   0.21  -0.11    -0.05  -0.33   0.15     0.01   0.09  -0.04
     3   1    -0.00   0.02   0.27    -0.02   0.10   0.82     0.00  -0.02  -0.16
     2   6    -0.00  -0.06   0.04    -0.00   0.02  -0.02     0.00  -0.01   0.01
     1   6     0.02  -0.04  -0.02     0.02   0.01  -0.08    -0.00  -0.00   0.02
  Atom  AN      X      Y      Z        X      Y      Z        X      Y      Z
 IR Inten    --     18.0919                 4.3656                 7.3497
 Frc consts  --      6.2845                 6.3759                 6.3526
 Red. masses --      1.0982                 1.1019                 1.0937
 Frequencies --   3116.4826              3133.7898              3139.8331
                      A                      A                      A
                     40                     41                     42
    17   1     0.00   0.00   0.12     0.01   0.00   0.59    -0.00  -0.00  -0.03
    16   1     0.05  -0.02  -0.02     0.22  -0.09  -0.10     0.01  -0.00  -0.00
    15   1    -0.05  -0.04  -0.02    -0.18  -0.12  -0.09    -0.03  -0.02  -0.01
    14   6     0.00   0.00  -0.01    -0.00   0.02  -0.03     0.00   0.00   0.00
    13   1     0.01   0.01   0.17     0.02   0.02   0.44    -0.00  -0.00  -0.01
    12   1    -0.01   0.07  -0.03    -0.02   0.19  -0.08    -0.00   0.03  -0.01
    11   1     0.06  -0.04  -0.03     0.16  -0.09  -0.08     0.01  -0.01  -0.00
    10   6    -0.01  -0.00  -0.01    -0.01  -0.01  -0.02    -0.00  -0.00   0.00
     9   8     0.00   0.00   0.00    -0.00   0.00   0.00     0.00  -0.00   0.00
     8   1    -0.00  -0.00   0.02     0.03  -0.00   0.41     0.01   0.00   0.17
     7   1    -0.00  -0.02   0.01     0.01   0.16  -0.07    -0.02  -0.40   0.15
     6   7     0.00  -0.00  -0.00    -0.00  -0.00  -0.00    -0.00   0.00  -0.00
     5   1     0.44  -0.36  -0.13    -0.09   0.07   0.03    -0.49   0.37   0.15
     4   1     0.09   0.56  -0.27    -0.02  -0.12   0.06     0.10   0.54  -0.27
     3   1    -0.02   0.05   0.44     0.01  -0.02  -0.14     0.01  -0.02  -0.06
     2   6     0.00   0.00  -0.00    -0.00  -0.01  -0.03     0.00   0.03  -0.03
     1   6    -0.04  -0.02  -0.00     0.01   0.01   0.01     0.03  -0.07   0.01
  Atom  AN      X      Y      Z        X      Y      Z        X      Y      Z
 IR Inten    --     25.8992                62.7742                 9.9280
 Frc consts  --      5.6620                 5.7358                 6.2170
 Red. masses --      1.0362                 1.0454                 1.1006
 Frequencies --   3045.4105              3051.6849              3096.3493
                      A                      A                      A
                     37                     38                     39
    17   1    -0.01   0.04   0.00    -0.00  -0.00  -0.12     0.01   0.00   0.62
    16   1    -0.11  -0.16  -0.08    -0.04   0.01   0.02     0.21  -0.09  -0.10
    15   1     0.13  -0.13  -0.08     0.03   0.02   0.01    -0.17  -0.11  -0.08
    14   6     0.00   0.02   0.01     0.00  -0.00   0.01    -0.00   0.02  -0.04
    13   1    -0.02  -0.03   0.00    -0.02  -0.02  -0.44    -0.03  -0.02  -0.56
    12   1     0.12  -0.02  -0.07     0.02  -0.17   0.08     0.03  -0.21   0.10
    11   1     0.04   0.12  -0.05    -0.14   0.08   0.08    -0.19   0.11   0.10
    10   6    -0.01  -0.01   0.01     0.01   0.01   0.02     0.02   0.01   0.03
     9   8     0.00  -0.00   0.00     0.00  -0.00   0.00     0.00   0.00  -0.00
     8   1    -0.07   0.09  -0.01     0.06  -0.01   0.78    -0.02   0.00  -0.27
     7   1    -0.09   0.02   0.09     0.01   0.26  -0.11    -0.00  -0.09   0.04
     6   7    -0.01   0.00   0.01    -0.00  -0.00  -0.00    -0.00  -0.00   0.00
     5   1    -0.20  -0.25  -0.13     0.08  -0.07  -0.02     0.00  -0.00   0.00
     4   1    -0.12   0.26   0.52     0.01   0.07  -0.03     0.01   0.03  -0.01
     3   1    -0.01   0.60  -0.09    -0.00   0.00   0.01    -0.00   0.00   0.03
     2   6     0.03  -0.02  -0.01    -0.01  -0.02  -0.06     0.00   0.01   0.02
     1   6     0.02  -0.04  -0.02    -0.01  -0.00   0.00    -0.00  -0.00  -0.00
  Atom  AN      X      Y      Z        X      Y      Z        X      Y      Z
 IR Inten    --      0.9787                 4.8137                18.0260
 Frc consts  --      1.4198                 5.7383                 5.6747
 Red. masses --      1.0527                 1.0583                 1.0437
 Frequencies --   1513.0180              3033.5474              3037.7522
                      A                      A                      A
                     34                     35                     36
    17   1     0.11  -0.15  -0.02    -0.05   0.03   0.00    -0.07  -0.24  -0.02
    16   1     0.12   0.08   0.20     0.02   0.05  -0.03     0.24   0.33   0.19
    15   1    -0.12   0.10   0.09    -0.04   0.04   0.03    -0.30   0.21   0.33
    14   6    -0.01   0.01  -0.02     0.01  -0.01  -0.00     0.01  -0.01  -0.03
    13   1    -0.22   0.09   0.02    -0.14  -0.11   0.03     0.09   0.15  -0.02
    12   1     0.40  -0.02  -0.09     0.26  -0.07  -0.22    -0.22   0.08   0.24
    11   1     0.01   0.32  -0.34     0.03   0.26  -0.21    -0.07  -0.27   0.14
    10   6    -0.01  -0.02   0.03    -0.01  -0.00   0.03     0.01   0.00  -0.02
     9   8     0.00   0.00   0.00     0.00   0.00  -0.00    -0.00   0.00  -0.00
     8   1     0.04   0.44  -0.03     0.03  -0.19   0.03    -0.03   0.15   0.00
     7   1    -0.01   0.13   0.43    -0.09  -0.07  -0.21     0.00   0.03   0.12
     6   7    -0.00  -0.03   0.00    -0.01  -0.01   0.01     0.01  -0.01  -0.02
     5   1     0.01  -0.03   0.10     0.12   0.33  -0.42     0.00   0.07  -0.21
     4   1    -0.05  -0.01  -0.07     0.46  -0.11  -0.02     0.17   0.03   0.17
     3   1     0.05  -0.12   0.01    -0.26   0.17  -0.01    -0.09   0.28  -0.04
     2   6    -0.01  -0.04  -0.03     0.01   0.02   0.03     0.00  -0.02  -0.00
     1   6     0.00   0.01  -0.00    -0.03  -0.03   0.02    -0.01  -0.03   0.00
  Atom  AN      X      Y      Z        X      Y      Z        X      Y      Z
 IR Inten    --      9.0515                12.6100                15.1457
 Frc consts  --      1.3955                 1.3879                 1.4073
 Red. masses --      1.0719                 1.0545                 1.0507
 Frequencies --   1486.5126              1494.6147              1507.7544
                      A                      A                      A
                     31                     32                     33
    17   1     0.45   0.08  -0.01     0.14   0.16   0.01     0.51  -0.02  -0.02
    16   1     0.06  -0.07   0.26    -0.17  -0.26  -0.09     0.14  -0.05   0.41
    15   1     0.01   0.15  -0.30     0.23  -0.15  -0.29    -0.08   0.22  -0.23
    14   6    -0.03  -0.01   0.00    -0.01   0.01   0.03    -0.03  -0.01  -0.01
    13   1    -0.28   0.41  -0.00     0.06   0.11  -0.02     0.25  -0.39   0.00
    12   1     0.03   0.12   0.33    -0.15   0.06   0.18    -0.09  -0.11  -0.29
    11   1    -0.16  -0.11  -0.27    -0.03  -0.16   0.11     0.16   0.07   0.28
    10   6     0.03  -0.03  -0.00     0.01  -0.00  -0.02    -0.01   0.03   0.00
     9   8     0.00   0.00  -0.00    -0.00   0.00   0.00     0.00  -0.00   0.00
     8   1    -0.03  -0.23   0.01     0.07   0.40  -0.01    -0.04   0.03   0.00
     7   1    -0.11  -0.05  -0.20     0.06   0.10   0.36     0.02   0.00   0.01
     6   7    -0.01  -0.02   0.00     0.00   0.01   0.00    -0.03   0.01  -0.00
     5   1    -0.02  -0.02   0.01     0.11   0.24  -0.25    -0.00  -0.00  -0.02
     4   1    -0.01   0.03   0.06     0.28  -0.11  -0.10     0.01   0.00   0.02
     3   1     0.01   0.05  -0.01    -0.18   0.01   0.01     0.00   0.04  -0.00
     2   6     0.02   0.03   0.02    -0.02  -0.04  -0.02     0.01  -0.01  -0.00
     1   6    -0.00  -0.00  -0.01    -0.01  -0.01   0.02    -0.00  -0.00   0.00
  Atom  AN      X      Y      Z        X      Y      Z        X      Y      Z
 IR Inten    --      1.6356                 1.3368                 9.3518
 Frc consts  --      1.3342                 1.3568                 1.3606
 Red. masses --      1.0601                 1.0548                 1.0519
 Frequencies --   1461.5022              1477.5662              1481.6520
                      A                      A                      A
                     28                     29                     30
    17   1    -0.02  -0.09  -0.00    -0.08   0.46   0.03     0.03  -0.39  -0.02
    16   1    -0.05  -0.09  -0.01     0.04   0.32  -0.28    -0.06  -0.29   0.19
    15   1     0.05  -0.06   0.02    -0.12   0.31  -0.24     0.11  -0.23   0.18
    14   6     0.00   0.02   0.00     0.01  -0.08   0.04    -0.00   0.07  -0.03
    13   1    -0.16  -0.17   0.03     0.31   0.16  -0.04     0.39   0.26  -0.06
    12   1    -0.16  -0.06  -0.14     0.25   0.08   0.15     0.28   0.11   0.23
    11   1    -0.15  -0.18  -0.10     0.16   0.17   0.18     0.19   0.21   0.22
    10   6     0.03   0.04   0.02    -0.05  -0.03  -0.02    -0.07  -0.04  -0.03
     9   8     0.00   0.00   0.00     0.00   0.00   0.00     0.00   0.00   0.01
     8   1    -0.25   0.07   0.03    -0.10   0.04   0.01    -0.19  -0.09   0.02
     7   1    -0.33   0.07   0.07    -0.17   0.03   0.05    -0.21  -0.01  -0.09
     6   7     0.00  -0.03  -0.02    -0.01  -0.03  -0.00    -0.01  -0.01  -0.02
     5   1     0.22   0.24   0.33     0.05   0.05   0.12     0.01   0.06  -0.01
     4   1     0.30   0.01   0.17     0.08   0.01   0.07     0.08  -0.04  -0.06
     3   1     0.51   0.02  -0.02     0.18   0.00  -0.01     0.04  -0.07   0.02
     2   6     0.07   0.01  -0.00     0.03   0.00  -0.00     0.05   0.01   0.01
     1   6    -0.11  -0.02  -0.04    -0.03  -0.00  -0.01    -0.02   0.01   0.01
  Atom  AN      X      Y      Z        X      Y      Z        X      Y      Z
 IR Inten    --     11.9807                 3.1642                 3.2751
 Frc consts  --      1.4787                 1.3896                 1.4902
 Red. masses --      1.2725                 1.1765                 1.2089
 Frequencies --   1404.3869              1415.8953              1446.4588
                      A                      A                      A
                     25                     26                     27
    17   1     0.28  -0.11   0.01     0.02  -0.00  -0.02     0.05  -0.04  -0.00
    16   1     0.02   0.45  -0.11     0.01  -0.03   0.06     0.01  -0.03   0.06
    15   1     0.18  -0.33  -0.08     0.01  -0.04   0.05     0.02  -0.07   0.02
    14   6    -0.12   0.03   0.03    -0.01   0.02  -0.02    -0.01  -0.00  -0.00
    13   1     0.26  -0.13   0.01     0.03  -0.11  -0.02     0.06   0.14  -0.01
    12   1     0.35   0.06  -0.10     0.08   0.07   0.06     0.08   0.01   0.05
    11   1    -0.34  -0.28  -0.09     0.02  -0.07   0.13     0.08   0.14   0.00
    10   6    -0.10   0.07   0.03    -0.01   0.03  -0.03    -0.02  -0.03  -0.00
     9   8    -0.02   0.01   0.00    -0.00   0.01  -0.01    -0.00  -0.01   0.00
     8   1    -0.13  -0.06   0.01     0.78  -0.06  -0.06     0.27  -0.07  -0.03
     7   1     0.12   0.02   0.01    -0.45   0.03   0.01     0.68  -0.07  -0.08
     6   7     0.18  -0.08  -0.04     0.03  -0.06   0.06     0.01   0.06  -0.00
     5   1     0.01   0.03  -0.05     0.05  -0.00   0.15     0.24   0.21   0.24
     4   1    -0.09  -0.03  -0.04     0.12   0.12   0.18     0.13   0.03   0.21
     3   1     0.00   0.08   0.01    -0.09  -0.07  -0.06     0.33   0.17  -0.04
     2   6    -0.03   0.03   0.00    -0.06   0.01   0.01    -0.09   0.00   0.00
     1   6     0.00  -0.02   0.02     0.01   0.02  -0.07    -0.05  -0.06  -0.03
  Atom  AN      X      Y      Z        X      Y      Z        X      Y      Z
 IR Inten    --      1.0279                 3.3087                 1.2794
 Frc consts  --      1.8005                 1.3028                 1.3962
 Red. masses --      1.9274                 1.2521                 1.2374
 Frequencies --   1259.1815              1328.9252              1383.8538
                      A                      A                      A
                     22                     23                     24
    17   1    -0.05   0.06  -0.01     0.06   0.49  -0.09     0.13   0.07   0.00
    16   1     0.01  -0.19   0.08     0.14   0.01   0.25     0.07   0.19   0.03
    15   1    -0.06   0.11   0.01     0.00  -0.40   0.30     0.05  -0.24   0.06
    14   6     0.04  -0.02  -0.01    -0.05  -0.07  -0.11    -0.06  -0.06   0.00
    13   1     0.35   0.30   0.05    -0.24  -0.15  -0.05     0.14   0.23   0.02
    12   1    -0.29  -0.24  -0.25     0.09   0.10   0.15    -0.26  -0.19  -0.16
    11   1    -0.13   0.03  -0.21     0.09   0.01   0.12    -0.03   0.10  -0.16
    10   6    -0.04  -0.07   0.09    -0.01   0.00  -0.07    -0.03  -0.08   0.05
     9   8    -0.02  -0.01   0.00    -0.00  -0.01  -0.01    -0.01  -0.02   0.00
     8   1     0.19  -0.23  -0.10    -0.15  -0.16  -0.08     0.04   0.25   0.06
     7   1    -0.28   0.20   0.21    -0.09   0.07   0.12    -0.26  -0.21  -0.22
     6   7     0.06   0.04  -0.02     0.06   0.08   0.15     0.09   0.17  -0.05
     5   1     0.10   0.13  -0.08    -0.08   0.00  -0.11    -0.17  -0.17   0.08
     4   1    -0.22  -0.08  -0.14     0.01  -0.08  -0.12     0.37   0.13   0.17
     3   1     0.13   0.18   0.02     0.26   0.09   0.06    -0.07  -0.24  -0.01
     2   6    -0.03   0.07  -0.08     0.01  -0.01  -0.09     0.01  -0.13   0.07
     1   6     0.01  -0.04   0.05    -0.03   0.01   0.07    -0.01   0.10  -0.06
  Atom  AN      X      Y      Z        X      Y      Z        X      Y      Z
 IR Inten    --      1.8041                 6.5586                 0.6375
 Frc consts  --      1.1044                 1.5809                 1.9030
 Red. masses --      1.4584                 1.8441                 2.1253
 Frequencies --   1133.7262              1206.2341              1232.7645
                      A                      A                      A
                     19                     20                     21
    17   1    -0.02   0.17  -0.03     0.16  -0.08   0.01    -0.09   0.40  -0.07
    16   1     0.02  -0.08   0.08     0.05   0.40  -0.11     0.07  -0.28   0.23
    15   1    -0.00  -0.08   0.08     0.13  -0.29   0.02    -0.07  -0.09   0.20
    14   6     0.00  -0.01  -0.03    -0.07  -0.00   0.02     0.03  -0.06  -0.08
    13   1    -0.03  -0.01  -0.00    -0.21   0.05  -0.02     0.19  -0.00   0.02
    12   1    -0.00   0.01   0.01    -0.32  -0.08   0.02     0.22   0.05  -0.03
    11   1     0.07   0.04   0.03     0.32   0.31   0.11    -0.28  -0.23  -0.11
    10   6     0.03   0.00  -0.01     0.05  -0.06  -0.03    -0.06   0.05   0.03
     9   8     0.01  -0.00   0.01     0.00   0.00   0.00     0.01  -0.02   0.00
     8   1    -0.51   0.04   0.04     0.06   0.05   0.05     0.00   0.23   0.12
     7   1    -0.28  -0.05  -0.07    -0.12   0.12   0.09     0.15   0.03  -0.01
     6   7     0.00  -0.02  -0.03     0.00   0.01  -0.00    -0.02   0.04  -0.01
     5   1     0.49   0.32   0.26     0.19   0.16   0.07     0.14   0.07   0.14
     4   1    -0.06   0.14   0.17    -0.33  -0.04  -0.05    -0.21   0.02   0.06
     3   1    -0.17   0.08  -0.01    -0.24   0.02  -0.06    -0.39  -0.11  -0.09
     2   6    -0.19  -0.02   0.02     0.07   0.09   0.04     0.10   0.07   0.11
     1   6     0.19   0.01   0.00    -0.02  -0.09  -0.04    -0.03  -0.08  -0.09
  Atom  AN      X      Y      Z        X      Y      Z        X      Y      Z
 IR Inten    --      5.2806                 1.0392                 1.2270
 Frc consts  --      1.0884                 0.9627                 1.2351
 Red. masses --      1.8240                 1.4143                 1.6889
 Frequencies --   1006.3463              1074.8275              1114.1131
                      A                      A                      A
                     16                     17                     18
    17   1    -0.11   0.29  -0.07    -0.04  -0.42   0.09     0.04   0.36  -0.06
    16   1    -0.03  -0.25   0.12    -0.06  -0.19  -0.06     0.07   0.11   0.05
    15   1    -0.10   0.29  -0.03    -0.08   0.29  -0.18     0.06  -0.35   0.17
    14   6     0.03   0.11  -0.07     0.05  -0.09   0.09    -0.04  -0.04  -0.06
    13   1    -0.29  -0.10  -0.05    -0.38  -0.34  -0.07    -0.09  -0.09  -0.01
    12   1    -0.30  -0.10  -0.01     0.26   0.13   0.17     0.15   0.10   0.05
    11   1     0.17   0.20   0.09    -0.07  -0.14   0.10     0.02  -0.04   0.02
    10   6    -0.07  -0.10  -0.06    -0.11  -0.03  -0.10     0.05   0.06  -0.02
     9   8    -0.02   0.02   0.12    -0.00  -0.01   0.04     0.03   0.00   0.35
     8   1    -0.22  -0.08   0.04     0.05   0.03  -0.01     0.46  -0.10  -0.11
     7   1     0.23   0.08   0.12    -0.22   0.03  -0.00    -0.12  -0.02  -0.05
     6   7     0.19  -0.10  -0.04     0.09   0.17  -0.04    -0.12   0.00  -0.31
     5   1    -0.18  -0.18   0.03     0.14   0.14   0.03    -0.06  -0.01  -0.15
     4   1     0.22   0.05   0.16    -0.21  -0.02  -0.07    -0.06  -0.08  -0.16
     3   1    -0.20  -0.19  -0.02    -0.04   0.08  -0.01     0.24   0.13   0.03
     2   6    -0.03   0.07   0.02     0.00   0.01  -0.00     0.02  -0.03  -0.06
     1   6    -0.06   0.01  -0.04     0.00  -0.03   0.00     0.01   0.01   0.05
  Atom  AN      X      Y      Z        X      Y      Z        X      Y      Z
 IR Inten    --      3.1143                 1.4348                33.6271
 Frc consts  --      1.0839                 1.0030                 2.3587
 Red. masses --      2.3356                 1.9764                 4.4735
 Frequencies --    887.4895               928.1043               945.9991
                      A                      A                      A
                     13                     14                     15
    17   1    -0.19  -0.02  -0.01     0.01   0.09  -0.07    -0.05   0.15  -0.03
    16   1    -0.14  -0.21   0.06    -0.01   0.36  -0.15    -0.01  -0.06   0.04
    15   1    -0.19   0.25  -0.11     0.03   0.20  -0.13    -0.04   0.10   0.00
    14   6    -0.07   0.02  -0.01    -0.02   0.23  -0.07     0.00   0.06  -0.03
    13   1     0.12   0.12   0.10     0.02  -0.04  -0.05    -0.05  -0.01  -0.00
    12   1     0.16   0.15   0.12    -0.08  -0.13  -0.10    -0.06  -0.03  -0.01
    11   1     0.26   0.19   0.16    -0.27  -0.23  -0.14     0.04   0.03   0.03
    10   6     0.20   0.15   0.10    -0.14  -0.10  -0.04    -0.01  -0.02  -0.01
     9   8    -0.17  -0.03   0.03     0.02  -0.01   0.10     0.00   0.00  -0.02
     8   1    -0.02  -0.12  -0.10     0.07  -0.13  -0.10     0.13   0.49   0.07
     7   1     0.00  -0.16  -0.11     0.10  -0.16  -0.09    -0.12  -0.22  -0.44
     6   7     0.14   0.02   0.00    -0.08   0.04   0.13     0.04  -0.04   0.00
     5   1     0.14   0.22   0.12     0.36   0.28   0.18     0.01   0.08  -0.13
     4   1    -0.31   0.04   0.03    -0.15   0.07   0.07    -0.30  -0.12  -0.31
     3   1    -0.35  -0.04  -0.04    -0.20  -0.01  -0.02     0.32   0.29   0.00
     2   6     0.07  -0.16  -0.11     0.16  -0.17  -0.11    -0.02  -0.04   0.09
     1   6    -0.10  -0.03  -0.03     0.09  -0.01  -0.01    -0.02  -0.02   0.03
  Atom  AN      X      Y      Z        X      Y      Z        X      Y      Z
 IR Inten    --      7.1822                 0.6017                 1.2721
 Frc consts  --      0.5514                 0.9707                 0.4696
 Red. masses --      3.2013                 3.2802                 1.2489
 Frequencies --    540.6736               708.7047               798.8792
                      A                      A                      A
                     10                     11                     12
    17   1    -0.03  -0.26  -0.12     0.05  -0.40  -0.09    -0.03  -0.04   0.14
    16   1    -0.19  -0.09  -0.28    -0.01   0.02  -0.25    -0.02  -0.28   0.21
    15   1    -0.19   0.11  -0.18     0.01   0.01  -0.25    -0.06  -0.19   0.22
    14   6    -0.10  -0.06  -0.12     0.01  -0.09  -0.09    -0.02  -0.19   0.14
    13   1    -0.14   0.09   0.06     0.37   0.23  -0.14    -0.07   0.20  -0.07
    12   1    -0.28   0.14   0.12    -0.00  -0.04  -0.29    -0.39  -0.03  -0.18
    11   1     0.00   0.33   0.05    -0.04  -0.04  -0.28    -0.03   0.23  -0.07
    10   6    -0.10   0.13   0.06     0.09   0.04  -0.12    -0.12   0.05  -0.07
     9   8    -0.07  -0.15   0.04     0.07   0.00   0.16    -0.04   0.23   0.02
     8   1     0.09   0.17   0.02    -0.21   0.27  -0.02     0.07   0.19  -0.11
     7   1     0.10   0.07  -0.06    -0.06  -0.02  -0.23     0.20  -0.14  -0.34
     6   7     0.00  -0.00   0.04     0.00   0.00   0.16     0.02  -0.14   0.03
     5   1     0.08  -0.17  -0.00    -0.10  -0.03   0.02     0.15   0.11   0.09
     4   1     0.35  -0.07  -0.09    -0.05  -0.02  -0.04     0.02   0.05   0.01
     3   1     0.29   0.07  -0.02    -0.14   0.01  -0.03    -0.06   0.04  -0.01
     2   6     0.09   0.10   0.02    -0.09   0.05  -0.03     0.12  -0.05  -0.11
     1   6     0.20  -0.00  -0.01    -0.09  -0.01  -0.03     0.07   0.03  -0.01
  Atom  AN      X      Y      Z        X      Y      Z        X      Y      Z
 IR Inten    --      5.3910                 9.0422                11.7134
 Frc consts  --      0.2537                 0.2833                 0.4598
 Red. masses --      2.7556                 2.4954                 3.3325
 Frequencies --    395.3183               438.9565               483.9331
                      A                      A                      A
                      7                      8                      9
    17   1     0.42   0.02  -0.01    -0.26  -0.14  -0.05    -0.15   0.07   0.02
    16   1    -0.08  -0.06  -0.30     0.27   0.11   0.20    -0.32  -0.23  -0.01
    15   1    -0.08   0.01   0.29     0.28  -0.14  -0.38    -0.36   0.20   0.11
    14   6     0.07  -0.01  -0.01     0.08  -0.05  -0.06    -0.20   0.02   0.02
    13   1     0.13  -0.34   0.06    -0.18   0.17   0.02     0.13   0.08  -0.11
    12   1    -0.22   0.15   0.42    -0.14   0.03  -0.07    -0.20   0.10  -0.06
    11   1    -0.05   0.25  -0.25     0.00   0.12   0.13    -0.03   0.22  -0.26
    10   6    -0.04   0.01   0.06    -0.08   0.07   0.02    -0.02   0.10  -0.10
     9   8     0.04  -0.04  -0.01     0.05  -0.07  -0.02     0.21  -0.01  -0.04
     8   1     0.00   0.09  -0.06     0.05  -0.09   0.02     0.07  -0.36   0.10
     7   1     0.01  -0.02  -0.13     0.07  -0.02   0.08    -0.05  -0.01   0.35
     6   7     0.00  -0.02  -0.01     0.01  -0.04  -0.02     0.03   0.01  -0.03
     5   1    -0.01   0.11   0.10     0.04   0.34  -0.14     0.02   0.03   0.04
     4   1    -0.09   0.07   0.05    -0.29   0.24   0.22    -0.12  -0.02  -0.00
     3   1    -0.18   0.05   0.02    -0.01  -0.08   0.08    -0.00   0.02   0.04
     2   6    -0.01   0.00  -0.06     0.01  -0.04   0.03     0.00  -0.11   0.10
     1   6    -0.07   0.05   0.03    -0.07   0.12   0.05    -0.02  -0.02   0.05
  Atom  AN      X      Y      Z        X      Y      Z        X      Y      Z
 IR Inten    --      1.8912                 0.9837                10.2625
 Frc consts  --      0.0607                 0.0780                 0.2122
 Red. masses --      1.3112                 1.6763                 2.6659
 Frequencies --    280.3454               281.0266               367.5459
                      A                      A                      A
                      4                      5                      6
    17   1    -0.28  -0.03  -0.04    -0.31   0.00   0.02     0.25  -0.00  -0.04
    16   1    -0.03   0.01   0.10     0.13   0.08   0.27    -0.12  -0.07  -0.25
    15   1    -0.04   0.03  -0.21     0.14  -0.06  -0.22    -0.12   0.04   0.16
    14   6    -0.09   0.01  -0.04    -0.01   0.01   0.02     0.00  -0.01  -0.04
    13   1     0.01  -0.14   0.06     0.05  -0.11   0.01    -0.33   0.36   0.05
    12   1     0.04   0.01   0.15    -0.05   0.04   0.11     0.16  -0.12  -0.32
    11   1     0.00  -0.02   0.01    -0.02   0.06  -0.09     0.06  -0.19   0.46
    10   6     0.01  -0.04   0.06    -0.00  -0.00   0.01    -0.03   0.01   0.05
     9   8     0.07   0.05  -0.03     0.03  -0.03  -0.01     0.06  -0.01  -0.02
     8   1     0.06   0.33  -0.10     0.02   0.04  -0.04     0.03   0.04  -0.04
     7   1    -0.06  -0.01  -0.34    -0.01   0.00  -0.06    -0.00  -0.01  -0.07
     6   7     0.00   0.02  -0.03     0.00  -0.00  -0.01     0.00  -0.01  -0.02
     5   1    -0.01  -0.04  -0.08    -0.04  -0.19   0.50    -0.02  -0.05   0.28
     4   1     0.03   0.05   0.48     0.23  -0.18  -0.27     0.07  -0.05  -0.03
     3   1    -0.01  -0.47   0.18    -0.29   0.39  -0.02    -0.21   0.13   0.04
     2   6     0.00   0.07  -0.10     0.00   0.01  -0.04     0.00   0.00  -0.04
     1   6     0.00  -0.11   0.14    -0.02   0.01   0.03    -0.04   0.01   0.06
  Atom  AN      X      Y      Z        X      Y      Z        X      Y      Z
 IR Inten    --      2.5563                 2.1851                 3.1845
 Frc consts  --      0.0130                 0.0274                 0.0410
 Red. masses --      1.8441                 1.0738                 1.1890
 Frequencies --    109.2994               208.2078               241.8476
                      A                      A                      A
                      1                      2                      3
 and normal coordinates:
 incident light, reduced masses (AMU), force constants (mDyne/A),
 activities (A**4/AMU), depolarization ratios for plane and unpolarized
 Harmonic frequencies (cm**-1), IR intensities (KM/Mole), Raman scattering
       11.5497151       3.5276082       3.7879140
 Diagonal vibrational polarizability:
 Low frequencies ---  109.3000  208.2081  241.8480
 Low frequencies ---   -5.3178   -0.7585   -0.0008    0.0004    0.0009    9.0391
 Full mass-weighted force constant matrix:
 Calling FoFJK, ICntrl=    100127 FMM=F ISym2X=0 I1Cent= 0 IOpClX= 0 NMat=1 NMatS=1 NMatT=0.
 LDataN:  DoStor=T MaxTD1= 8 Len=  415
 ECPInt:  NShTT=    6105 NPrTT=   17556 LenC2=    6069 LenP2D=   14639.
   1 Symmetry operations used in ECPInt.
 End of Minotr F.D. properties file   788 does not exist.
 End of Minotr F.D. properties file   722 does not exist.
 End of Minotr F.D. properties file   721 does not exist.
 Isotropic polarizability for W=    0.000000       64.27 Bohr**3.
 Solved reduced A of dimension   296 with    54 vectors.
 InvSVY:  IOpt=1 It=  1 EMax= 1.78D-15
      2 vectors produced by pass  7 Test12= 1.05D-14 1.85D-09 XBig12= 4.73D-16 3.92D-09.
      5 vectors produced by pass  6 Test12= 1.05D-14 1.85D-09 XBig12= 4.71D-13 1.04D-07.
     34 vectors produced by pass  5 Test12= 1.05D-14 1.85D-09 XBig12= 4.70D-10 2.86D-06.
     51 vectors produced by pass  4 Test12= 1.05D-14 1.85D-09 XBig12= 3.97D-07 8.24D-05.
     51 vectors produced by pass  3 Test12= 1.05D-14 1.85D-09 XBig12= 2.61D-04 2.05D-03.
     51 vectors produced by pass  2 Test12= 1.05D-14 1.85D-09 XBig12= 1.12D-01 5.45D-02.
     51 vectors produced by pass  1 Test12= 1.05D-14 1.85D-09 XBig12= 1.11D+01 7.72D-01.
 AX will form    51 AO Fock derivatives at one time.
     51 vectors produced by pass  0 Test12= 1.05D-14 1.85D-09 XBig12= 4.73D+01 1.24D+00.
          There are    54 degrees of freedom in the 1st order CPHF.  IDoFFX=6 NUNeed=     3.
 Keep R1 ints in memory in canonical form, NReq=521444664.
          Differentiating once with respect to nuclear coordinates.
                with respect to dipole field.
          Differentiating once with respect to electric field.
          IDoAtm=11111111111111111
 End of G2Drv F.D. properties file   788 does not exist.
 End of G2Drv F.D. properties file   722 does not exist.
 End of G2Drv F.D. properties file   721 does not exist.
 Calling FoFCou, ICntrl=  3107 FMM=F I1Cent=   0 AccDes= 0.00D+00.
 G2DrvN: will do    18 centers at a time, making    1 passes.
 IMax=3 JMax=2 DiffMx= 0.00D+00
 Symmetrizing basis deriv contribution to polar:
 LDataN:  DoStor=T MaxTD1= 7 Len=  274
 ECPInt:  NShTT=    6105 NPrTT=   17556 LenC2=    6069 LenP2D=   14639.
   1 Symmetry operations used in ECPInt.

 **** Warning!!: The largest alpha MO coefficient is  0.14165110D+02

 NROrb=    252 NOA=    25 NOB=    25 NVA=   227 NVB=   227
 NBasis=   252 NAE=    25 NBE=    25 NFC=     0 NFV=     0
 Range of M.O.s used for correlation:     1   252
 DoSCS=F DFT=T ScalE2(SS,OS)=  1.000000  1.000000
            NFock=  1  Conv=0.10D-08     -V/T= 2.0051
 SCF Done:  E(RB3LYP) =  -289.055061066     A.U. after    1 cycles
 No special actions if energy rises.
 Requested convergence on             energy=1.00D-06.
 Requested convergence on MAX density matrix=1.00D-06.
 Requested convergence on RMS density matrix=1.00D-08 within 128 cycles.
         Rot=    1.000000    0.000000   -0.000000   -0.000000 Ang=   0.00 deg.
 B after Tr=    -0.000000    0.000000    0.000000
 Initial guess from the checkpoint file:  "checkpoint.chk"
 NBsUse=   252 1.00D-06 EigRej= -1.00D+00 NBFU=   252
 NBasis=   252 RedAO= T EigKep=  3.09D-04  NBF=   252
 LDataN:  DoStor=T MaxTD1= 6 Len=  172
 ECPInt:  NShTT=    6105 NPrTT=   17556 LenC2=    6069 LenP2D=   14639.
   1 Symmetry operations used in ECPInt.
 One-electron integrals computed using PRISM.
 Two-electron integral symmetry is turned on.
 Raffenetti 2 integral format.
 Integral buffers will be    131072 words long.
 NAtoms=   17 NActive=   17 NUniq=   17 SFac= 1.00D+00 NAtFMM=   60 NAOKFM=F Big=F
       nuclear repulsion energy       274.8054035630 Hartrees.
    25 alpha electrons       25 beta electrons
   252 basis functions,   394 primitive gaussians,   282 cartesian basis functions
 There are   252 symmetry adapted basis functions of A   symmetry.
 There are   282 symmetry adapted cartesian basis functions of A   symmetry.
 Standard basis: def2TZVP (5D, 7F)
 Rotational constants (GHZ):           4.9308562           2.7662964           2.6762146
 ---------------------------------------------------------------------
     17          1           0       -0.579813    1.408598   -1.539469
     16          1           0       -1.474018    1.802245   -0.035132
     15          1           0        0.285062    1.971776   -0.072332
     14          6           0       -0.554687    1.397564   -0.447790
     13          1           0       -1.685173   -0.843072   -1.441487
     12          1           0       -1.507197   -1.786049    0.075166
     11          1           0       -2.489317   -0.311569    0.072686
     10          6           0       -1.614059   -0.793748   -0.352720
      9          8           0       -0.371144    0.029447    1.439254
      8          1           0        0.743962   -0.677917   -1.576313
      7          1           0        0.763147   -1.691341   -0.117702
      6          7           0       -0.421603    0.001239    0.081462
      5          1           0        2.948218   -0.666928   -0.259951
      4          1           0        2.285940    0.948997   -0.479374
      3          1           0        2.061547    0.106500    1.070371
      2          6           0        0.823890   -0.668845   -0.485922
      1          6           0        2.106192   -0.019220   -0.010356
