 Normal termination of Gaussian 16 at Fri Jun 10 02:07:24 2022.
 File lengths (MBytes):  RWF=    183 Int=      0 D2E=      0 Chk=     32 Scr=      1
 Elapsed time:       0 days  0 hours 10 minutes 57.1 seconds.
 Job cpu time:       0 days  2 hours 11 minutes 19.0 seconds.
                          -- Jonathan Winters
 If your ship doesn't come in, swim out to it!


 25\\\@
 0089,0.00002744,-0.00000299,0.00000779,0.00000107,-0.00000053,0.000003
 0555,0.00000986,0.00002199,-0.00000306,-0.00000170,-0.00000148,-0.0000
 108,-0.00001383,-0.00000865,0.00001680,-0.00000262,-0.00000087,-0.0000
 60,0.00000149,-0.00000068,-0.00000398,-0.00000132,-0.00000041,-0.00001
 2048,0.00003079,0.00001453,0.00003235,-0.00000202,-0.00000078,0.000009
 11,-0.00002580,-0.00000619,-0.00000156,-0.00001134,-0.00002673,-0.0000
 946,0.00000164,-0.00006661,-0.00000404,0.00000673,-0.00000266,0.000009
 0481,-0.00000450,0.00001425,0.00000639,-0.00001542,0.00007620,-0.00003
 033,-0.10124177,-0.16875963,0.12677800\\-0.00000046,-0.00000839,0.0000
 795,-0.00030600,-0.00009008,-0.00064789,0.10335695,0.16815065,-0.12062
 1302,0.00033996,0.00000428,0.00169808,-0.00522615,-0.00665692,-0.00237
 011881,0.00045100,-0.00051686,0.00022155,0.00261097,-0.00137962,0.0004
 095155,-0.00000860,-0.00012141,0.00009133,-0.00008280,-0.00002032,0.00
 .00732557,0.00245177,0.00174520,0.00323149,0.00110332,-0.00014561,0.00
 00051883,-0.00170158,-0.00055689,-0.00182904,-0.00155776,0.00721177,-0
 .00010186,-0.00187955,0.00135880,-0.00109093,0.00101004,-0.00005816,0.
 0.29820271,0.00022888,-0.00104765,-0.00002907,0.00045133,0.00088244,-0
 ,0.00057539,-0.00066539,-0.10687805,-0.29059011,0.16018728,0.12056785,
 5,-0.00017359,0.00054210,-0.01699915,-0.01126009,0.01195993,0.00040693
 ,-0.00061252,-0.00035625,0.00365975,-0.00428971,-0.00016933,-0.0008682
 ,-0.00005225,-0.00021936,0.00002553,-0.00003227,0.00000342,-0.00011101
 3,0.00198752,0.00110680,-0.00013170,-0.00005687,-0.00017413,0.00006549
 71,0.00046843,-0.00054835,-0.00192695,0.00590436,-0.00327126,0.0025385
 5152,-0.00033409,-0.00069247,0.00050017,0.00054529,0.00044594,0.000927
 04905,0.00030707,0.00022910,-0.00067438,-0.00058928,0.00038159,-0.0011
 047207,-0.00016431,-0.12006149,-0.10464473,0.09938103,0.11753792,0.000
 0048657,0.00057161,0.01013861,0.00578926,-0.01232404,-0.00027672,-0.00
 0.00063894,0.00021849,0.00014846,0.00514385,-0.00008744,0.00113496,0.0
 ,0.00010247,0.00012135,-0.00003948,-0.00002586,0.00005838,-0.00015662,
 8,0.00198478,0.00504185,-0.00003456,-0.00150710,0.00006427,-0.00006506
 ,-0.00031511,-0.00171141,-0.00432853,-0.02781229,0.01052082,-0.0058793
 40,-0.00057159,0.00013886,-0.00017848,0.00042331,0.00002859,0.00235635
 11,0.00099296,-0.00001268,-0.00111027,-0.00078126,-0.00060360,0.001115
 1,-0.01402619,-0.00026709,-0.25639566,-0.23791196,0.27906107,-0.000301
 2290,0.00244692,0.00383573,0.02488842,0.02425953,-0.06721346,0.0014227
 0097655,0.00045346,-0.00114928,0.00574859,0.01950113,0.00753083,0.0045
 0041964,-0.00022162,-0.00067160,-0.00036617,0.00013090,0.00009979,-0.0
 0.03001035,0.02675355,-0.00447224,0.00100884,0.00121419,0.00021230,0.0
 3,0.00074099,-0.00133418,0.00228374,0.09366518,0.01428243,-0.10112372,
 546,-0.00753667,0.00030951,-0.00316484,0.00352011,0.00228147,0.0016477
 038798,0.00180318,0.00052880,0.00077590,-0.00185687,0.00114479,0.00323
 23770927,0.00979568,-0.00120319,-0.00301129,0.00055773,0.05138212,0.75
 0.07830111,0.03292329,-0.00269262,0.00023668,0.00357884,0.06341227,-0.
 ,0.00035523,0.00220367,-0.00164937,0.00212268,0.00069186,-0.03037515,-
 ,-0.00695619,-0.00213720,0.00072805,-0.00059971,-0.00063606,0.00116946
 ,-0.12749603,0.02058728,-0.00559954,-0.02103418,0.01946173,-0.00316278
 869,0.00444798,0.00081075,0.02526471,0.01432983,-0.01648119,0.00802279
 209,0.00051641,-0.00012617,-0.01128854,-0.00437621,-0.00206379,0.00252
 23618,-0.00566936,0.56929350,0.00426575,-0.00232269,0.00059489,0.00384
 0162689,0.00262006,-0.12070298,0.06015897,0.03014318,-0.00501254,0.030
 .00076624,0.00105446,0.00407543,0.00058202,0.00454509,-0.00232537,-0.0
 0.00030718,0.00292997,-0.00014317,0.00023915,-0.00066861,0.00166941,-0
 -0.04313584,0.02846165,0.00558520,-0.00104530,0.00229919,-0.00079194,-
 ,0.01493435,0.01215313,-0.25841901,-0.00413928,0.07886855,-0.04326448,
 ,0.00648002,0.00421531,-0.00292264,-0.00509844,-0.00317110,-0.04609077
 54,-0.00819261,-0.00491040,0.01512948,0.00717700,0.00016759,0.00551791
 49,-0.01439592,-0.07284589,-0.11944963,0.01698115,0.06914444,-0.001536
 51,-0.00532996,0.00043133,-0.00161112,-0.00060422,-0.00284220,0.113877
 64,-0.00002036,-0.00023506,-0.00005010,-0.00000727,0.00000942,0.007323
 10730,0.00071605,0.00061635,0.00011044,-0.00018923,0.00005104,0.000133
 .00101555,0.00125962,0.00099644,0.00403769,0.00174843,0.00460039,0.000
 53,0.00014071,0.00031439,0.00016537,0.00007217,0.00043741,0.00134445,0
 514,0.00031520,0.00047231,0.00004229,-0.00105205,-0.00097303,-0.000958
 6318,-0.01167893,-0.05639654,0.06377730,0.00086287,-0.00030173,0.00039
 12173,0.00465455,0.00053913,-0.00000326,-0.00107702,0.04329020,-0.0667
 002525,0.00006964,-0.00004551,0.00001088,-0.00001588,-0.01550638,0.012
 00091408,0.00008494,-0.00001547,0.00007602,-0.00004281,0.00012978,0.00
 .00590866,0.00203503,-0.00244531,-0.00224935,0.00318694,-0.00091828,0.
 .00012801,-0.00004358,0.00179016,0.00088705,-0.00027696,-0.00024580,-0
 0.00092505,-0.00010084,0.00071172,-0.00014754,0.00042041,-0.00011711,0
 0.11221097,0.31303225,-0.00024082,0.00049261,-0.00008036,-0.00029390,-
 0.00290862,-0.00039304,-0.00064199,-0.00140118,-0.30090193,0.05133865,
 ,-0.00012755,-0.00003946,0.00002729,0.00000761,-0.00754809,0.00691391,
 06,0.00003822,0.00003553,-0.00007723,0.00003436,0.00003355,-0.00001373
 209,-0.00018616,0.00034207,-0.00169796,0.00421162,-0.00074997,0.000678
 03348,-0.00004190,-0.00009949,0.00006463,0.00062459,0.00133027,0.00072
 29303,0.00002500,-0.00025152,-0.00030508,-0.00001418,-0.00002242,0.000
 08796784,0.26027968,0.00032890,-0.00014234,0.00004288,0.00019262,0.000
 09368053,-0.12739761,0.00144113,-0.00006075,0.00041757,-0.28432940,-0.
 0.00003749,0.00023711,-0.00022429,0.00011232,-0.00009057,0.10170151,0.
 -0.00051320,-0.00083156,0.00062857,-0.00083197,-0.00055284,0.00032361,
 6,-0.01078464,0.00827064,0.04182861,-0.00643301,0.00256268,0.00010509,
 991,0.00393616,0.00090631,-0.00141715,0.00260189,-0.00018024,0.0139981
 8126,0.00358584,0.00126758,-0.01411925,-0.00380465,-0.00337802,0.00302
 967986,-0.00942079,0.54928033,0.00372212,-0.00363483,0.00092658,0.0032
 055659,-0.11930384,-0.21864317,0.08725252,-0.02020592,-0.00937541,0.00
 0215542,0.00004388,0.00010070,-0.00125451,0.00060868,-0.00115344,-0.00
 .00170301,0.00866809,-0.00005308,0.00405388,-0.00100756,0.00078694,0.0
 0.00727608,0.05426679,-0.01410523,-0.02365449,-0.03909130,0.01358933,0
 0.00512781,-0.00644049,-0.00319207,-0.00284890,-0.00047394,0.00235600,
 0.00317451,-0.00053133,-0.00830546,-0.00099842,0.02119687,-0.00041109,
 ,0.00787344,0.00565646,-0.00554952,0.75416855,-0.00559600,0.00485820,-
 7,0.00014853,0.00049015,-0.00062813,-0.23923149,-0.13264898,0.10558646
 ,-0.00036644,0.00102616,-0.00080344,-0.00026900,-0.00001284,-0.0006254
 91,-0.05748558,0.01031859,0.02306951,-0.00173428,0.00514821,0.00164899
 9557,0.00184852,-0.00495872,0.00314069,-0.05402570,0.03282831,0.021518
 20164,0.01093468,0.00533607,0.00316327,-0.00224048,-0.00435619,-0.0003
 694288,-0.00387119,0.00282537,0.00046230,-0.00428325,-0.00193511,0.000
 0020853,0.00634656,0.05534210,-0.04354199,-0.00274057,-0.06087369,0.03
 0003548,-0.00000966,0.00000444,-0.00005381,-0.00000452,-0.00006308,0.0
 00130517,-0.00141616,0.00034947,-0.00022959,-0.00005012,0.00007788,0.0
 0.00088384,0.00362342,0.00005640,0.00106698,-0.00371381,-0.00706312,0.
 0.00102351,-0.00019913,-0.00071795,-0.00047787,0.00040322,-0.00005496,
 -0.00007804,-0.00026182,-0.00063507,-0.00019427,0.00215812,0.00036719,
 ,-0.34099848,0.05718027,-0.03997874,0.35664638,-0.00037650,0.00048662,
 52,-0.00000316,0.00000377,0.00010228,-0.00003474,0.00014544,0.03679153
 5404,0.00013913,-0.00015108,0.00003275,-0.00002241,0.00003362,0.000009
 260,-0.00010020,-0.00039341,-0.00228498,-0.00583485,0.00209484,-0.0000
 3081,0.00071493,-0.00000248,-0.00013348,-0.00026817,0.00026680,0.00175
 1755,-0.00017745,-0.00011025,-0.00022273,-0.00101491,0.00001195,0.0001
 3874533,0.00321204,0.04947583,0.00009790,0.00026949,0.00000800,-0.0001
 0000573,-0.00002387,-0.00034075,0.00033676,-0.00001026,-0.05643413,0.0
 .00075918,0.00012280,-0.00007139,0.00001992,0.00000058,-0.00001322,0.0
 0.00251875,0.00243472,0.00331284,0.02147738,-0.00781113,-0.00003896,-0
 -0.00194355,-0.00000322,0.00108245,0.00110092,-0.00011917,-0.00460581,
 99,0.00005375,0.00001143,0.00154851,0.00197789,0.00020374,-0.00033639,
 358,-0.16137041,0.23496253,-0.00005096,-0.00032731,0.00003005,0.000181
 318,0.00012037,-0.00031750,-0.00025824,0.00034046,-0.00025910,-0.16615
 311,-0.01441174,-0.00017880,-0.00088468,0.00136930,0.00020374,-0.00006
 7880,-0.00111440,0.00810871,0.02758411,-0.01031193,-0.08486468,0.01814
 41681,-0.00321027,-0.00079230,0.00476180,0.00225530,0.00302863,-0.0009
 147964,-0.00518248,-0.00056746,0.01221174,0.00799872,0.00523010,-0.002
 0002517,0.00647168,0.81673945,-0.00663061,0.00167578,-0.00198943,-0.00
 00098696,0.00002320,0.00006495,-0.00000333,0.00123667,-0.00077871,-0.0
 .01612421,-0.00683013,0.00752919,0.00167735,-0.00044670,0.00130938,-0.
 0.00177302,0.01072290,-0.04500735,0.00853111,0.06968310,-0.14676778,-0
 0.00728502,-0.00242112,-0.00211272,-0.00071372,0.00193644,-0.00526897,
 -0.00132499,-0.00484287,-0.00460898,-0.00053190,0.01076366,0.00490682,
 8,-0.00014698,0.00011440,0.00091540,0.48895797,-0.00503298,0.00410545,
 6,0.00071557,-0.00098341,-0.00134991,-0.00016124,-0.00005680,0.0010336
 03,-0.16018037,0.07804172,0.05347315,-0.01541757,0.00432076,-0.0057726
 88,-0.00660484,-0.00169544,-0.00192368,0.00569562,0.03039197,-0.004330
 8736,-0.03274285,0.00424334,-0.00370080,0.00911490,0.00344581,0.002033
 1884059,0.00545860,-0.00887003,0.00105604,0.00430103,0.00931011,0.0009
 0055651,0.00070720,-0.00013830,-0.00534058,-0.00107483,-0.01151452,0.0
 .00170266,0.00060300,-0.00027804,0.00053484,-0.00001445,0.00076289,0.0
 .02180006,-0.00433482,0.00943297,-0.00109731,-0.00405508,-0.00150378,0
 .00099404,-0.00160739,-0.00090150,-0.00037396,0.01217824,0.00790277,-0
 .00707655,-0.00741651,-0.00573793,-0.00003383,0.00551802,-0.00039364,0
 ,0.00105135,-0.00052122,0.08691057,0.33047758,-0.00206094,0.00248566,0
 ,-0.00006287,0.00011141,-0.00006431,-0.00015051,0.00011446,-0.00007751
 1,-0.01739487,0.00195747,0.00215970,-0.00076276,-0.00142883,0.00003816
 ,-0.00000817,-0.00014231,-0.07987633,-0.31160642,0.01015071,-0.0095170
 1,-0.00376649,0.00004687,0.00180985,-0.00008397,0.00046107,-0.00035033
 880,0.00065810,0.08395205,-0.00055797,0.00275298,0.00044585,-0.0013161
 159,-0.00022955,-0.00020226,-0.00126066,-0.00044962,0.00107794,0.00008
 6645,-0.00139782,-0.00159349,0.00226933,0.00100823,-0.00011210,0.00002
 027733,0.00016249,-0.08176840,-0.07817261,0.00297997,0.00974784,0.0203
 3112046,0.00120731,-0.00314560,0.00059609,-0.00059174,0.00088741,-0.00
 1839847,0.02934308,-0.00276472,0.00043650,-0.00120982,-0.00721279,-0.0
 00015905,0.00021175,0.00143577,-0.00012490,-0.00215029,0.02243360,-0.0
 .00019294,0.00853955,-0.00167129,-0.00116240,-0.00048816,0.00052809,0.
 .00072362,-0.00139796,-0.00098421,0.00467649,0.00478740,-0.00281865,-0
 0.01599797,-0.04341931,0.00229371,-0.00483926,0.00581624,-0.00089682,0
 0,-0.14274175,0.23236345,0.00117896,0.00265941,0.00424895,-0.02180382,
 4,-0.00012557,0.00000047,-0.00009018,-0.00014479,0.00093836,-0.0000161
 3,-0.00198531,0.00068508,-0.00024759,-0.00005259,0.00011107,-0.0001728
 38,0.00097343,-0.00023704,0.00015259,-0.00528589,0.00736921,-0.0010536
 77,0.13408914,-0.21863206,0.01802262,-0.00295472,-0.00512391,-0.000918
 69009,0.00003419,0.00055449,0.17978988,0.01800359,-0.01903669,0.002607
 035094,-0.00004932,0.00008762,-0.00007155,0.00003336,-0.00003964,0.000
 749480,0.02456222,-0.00337646,-0.00476947,-0.00243568,-0.00103305,0.00
 0059480,-0.00385798,-0.00117897,0.00052023,0.00012124,0.00028481,-0.01
 0848790,-0.01090554,0.00067781,-0.16739381,0.13391540,-0.01905283,-0.0
 -0.00012880,0.00020663,0.00071062,0.10440850,0.00820226,0.05308468,0.0
 8,-0.00123704,0.00122301,0.00206031,-0.00009648,0.00220147,0.00148101,
 928,0.00058746,0.00097609,-0.00127140,0.00153048,-0.00396578,0.0024754
 714,-0.00321237,0.00184626,-0.00024621,-0.00037087,-0.00488677,0.00102
 481,-0.00115568,0.01236431,0.05680191,-0.10251868,-0.00620537,-0.05688
 89875,0.00062865,0.00696933,0.00056359,0.00119672,-0.00074978,-0.00061
 4201,-0.00037587,-0.00380968,-0.00287352,-0.00091673,0.00144158,-0.004
 190694,-0.00955331,0.01734153,-0.00255429,0.00889416,0.00088241,0.0029
 029282,0.31241739,-0.00669865,-0.05355888,-0.00764114,-0.02629530,0.00
 0140177,-0.00275068,-0.00077258,-0.00040519,0.00054824,0.00023370,0.00
 00111594,0.00307110,-0.00063230,-0.00117319,0.00012790,0.00231410,-0.0
 .00380119,-0.01332364,0.00444936,-0.00651457,0.00074431,-0.00285872,0.
 4253374,-0.29055287,-0.01182901,-0.09415792,-0.01022585,-0.00241632,-0
 00214630,0.15973037,0.05480165,-0.22860909,-0.14506518,-0.04951276,0.2
 0394438,-0.00538827,0.00096433,-0.00114650,-0.00010020,-0.01085376,-0.
 00005698,-0.02082665,-0.00041857,-0.01851269,0.00444201,0.00195253,0.0
 ,0.05449592,0.00480228,-0.00480334,0.00188203,0.00398121,0.00565061,0.
 0,-0.00216423,0.02298327,-0.01205579,-0.05448722,0.04523263,0.02679477
 ,-0.00052786,-0.00080730,-0.00299437,0.00007910,-0.00169715,-0.0154334
 82,0.00243769,0.00052474,-0.00909484,0.00122613,-0.00494262,0.00092342
 23799,0.13384132,0.13318716,0.00350630,-0.00189857,0.00092237,0.001229
 9519,-0.00288900,-0.00554780,-0.01068810,0.00481522,-0.10204823,-0.014
 13798,-0.01117458,0.00218638,0.00151607,-0.00059791,-0.00633525,0.0003
 180818,0.00138951,0.00316641,0.00543225,-0.00037317,-0.01574984,-0.004
 633275,-0.10153069,-0.27791032,-0.11987454,0.40088620,0.00316672,-0.00
 00925303,-0.00340526,0.00873420,-0.00525683,0.00685194,0.02211942,0.07
 00880359,-0.00163190,0.03550586,-0.00248358,0.00210149,-0.01394453,-0.
 .03074551,0.52670537,-0.00625207,0.01308203,0.00027898,-0.00923118,-0.
 .02050393,-0.03099276,0.00637635,-0.03978152,-0.24894431,0.05710300,-0
 .04494702,-0.01891942,0.00223829,-0.03095988,-0.01569905,-0.00785957,0
 0.00224524,0.01503464,0.00250125,-0.01591690,-0.01229984,-0.00126084,0
 ,0.01101591,-0.00012821,-0.09158709,0.01157205,0.01413434,0.42126833,-
 8,0.02311160,0.02943911,-0.03231764,-0.03032748,-0.01090413,0.04179220
 3,0.02338720,-0.00960422,-0.02258648,-0.02783492,-0.00113282,0.0895975
 9,0.00667058,-0.05648382,-0.13143540,-0.08491185,0.24542902,-0.0369705
 ,-0.00103005,-0.00065927,-0.00867705,-0.00628884,-0.00106417,0.0136005
 0,0.00525064,-0.00421880,-0.00804744,-0.00594954,0.00117800,0.01571598
 25,0.06161902,-0.22726647,0.00978811,-0.12437198,0.66972684,-0.0051004
 0758,-0.07474401,0.00575250,-0.01289122,0.02135267,0.00671622,0.001952
 598363,0.01321002,-0.03673590,0.00071709,0.04729590,0.04123698,-0.0015
 .00476383,0.00555829,0.00049563,-0.15875422,0.09620076,0.00431529,0.62
 0.06144553,0.01345899,-0.00059661,0.00864819,-0.01814249,0.00012839,-0
 ,0.02693170,-0.00961673,0.10847295,-0.00328647,0.01997975,0.00369825,-
 ,-0.01136254,0.00755984,-0.00029339,0.00349371,-0.00195769,-0.00037208
 ,-0.00341865,-0.01701032,0.00895639,-0.02753677,0.00636786,-0.05697969
 35,0.00022527,-0.00398217,-0.00715758,0.00172231,0.05260379,0.68746471
 97,-0.00332458,-0.08574171,-0.12998282,-0.00334640,0.00832547,0.005512
 16,0.01601330,-0.00411395,-0.00040579,0.67582478,-0.03370518,-0.003049
 4,-0.36119405,-0.02633901,-0.04695268,-0.05864466,0.02601425,-0.007364
 22,0.01329837,0.07095402,0.03762773,-0.00500223,-0.06763335,-0.0047395
 15,0.00002350,-0.00088217,0.00710571,-0.00065433,-0.05688055,-0.057998
 476,-0.05214099,0.08910652,0.88321684,-0.00126925,-0.00548141,0.015237
 3377,-0.01296952,0.00468128,0.01371175,0.00635967,-0.05901510,-0.81225
 2871,-0.03730273,-0.09670390,-0.00118294,0.05874371,0.00310475,-0.0712
 32990,0.00774417,0.03885638,0.00233107,-0.01586979,-0.01427951,-0.0029
 5267101,0.00802949,0.00642039,-0.00579765,-0.01018428,0.04891613,0.128
 967542,-0.01075850,-0.04577172,1.16002464,-0.00341194,-0.00635101,-0.0
 0913254,0.08721389,0.09934075,-0.26252683,0.01995842,-0.00205864,-0.06
 .15094336,-0.10233189,0.04482453,-0.01454979,0.05951137,0.05432254,0.0
 0.62912720,-0.02375575,-0.01518789,-0.05485720,0.08746449,0.01814661,0
 0.02270005,0.71577565,-0.10376685,-0.23997411,-0.03332428,-0.01548962,
 ,0.66251697,0.14219650,0.03385465,0.13095302,-0.14693675,-0.03785991,-
 .113086,62.4573214\PG=C01 [X(C8H7N1O1)]\NImag=1\\0.56841899,0.01626557
 0523145,0.247924\Polar=141.9304158,0.3845602,119.4968064,-0.8579688,-0
 0.248827,0.0814883,0.0195579,0.0903839,0.1895577,0.0152308,0.049197,0.
 089413,-0.2155624,-0.3138076,0.1320499,0.1734257,-0.0115634,-0.171795,
 53857,0.0176267,0.0766759,-0.0028574,0.1530305,-0.7908482,0.009923,0.0
 06925,-0.0241423,-0.09452,0.0087891,0.0187316,0.0709572,0.0178519,0.07
 046,-0.123662,-0.0810239,-0.0708445,0.034155,0.2879979,-0.1252415,0.02
 0.0209225,0.0167178,0.05,-0.006725,0.0291712,0.022952,0.0097079,0.1452
 97062,-0.0249979,-0.0326979,-0.1093554,0.0006558,-0.2075815,0.0761641,
 91,0.0492269,0.0051232,0.1692555,-0.0086424,0.0102379,-0.0629372,-0.06
 0.1164042,0.0192999,-0.0444872,-0.0018106,-0.0238316,-0.074139,0.00472
 0.0966804,-0.0117663,0.08763,-0.014075,0.0064946,0.0004073,-0.0102023,
 0.0604916,0.053445,-0.01036,-0.0561293,-0.0355954,0.1552181,0.0097489,
 .0126412,0.1320956,0.0530783,0.0846213,-0.079424,-0.0265523,-0.069078,
 .0767899,-0.062908,0.1230598,0.0551975,0.034978,0.0411232,0.1012388,-0
 79708,-0.4654373,-0.0517912,-0.2796159,-0.285219,0.04145,-0.1573265,-0
 ,-0.0142436,0.2649604,-0.0580437,-0.3090115,-0.1250915,0.0912946,-0.55
 28449,-0.1139919,-0.0468316,-0.2739124,0.8284726,-0.0552486,-0.1262737
 -0.2557193,-0.6507609,-0.0488108,-0.0111553,0.1249138,-0.1407973,-0.04
 47844,-0.0973861,-0.887537,-1.8302397,-0.261283,-0.1420749,-0.0580483,
 997,2.1454798,0.3225564,0.2900265,0.0916242,0.2468563,-0.5909259,-0.32
 68,0.0420104,0.1597029,-0.0628055,1.2380046,0.3228827,0.1802183,1.0676
 54,-0.2805676,0.6149528,0.2190935,0.0893454,0.5329207,0.421149,0.07759
 8,0.2111872,0.082327,-0.616673,-0.8492137,-0.1037934,0.0311796,0.01891
 =0.1375052\Dipole=1.1443197,1.1181066,-0.2442097\DipoleDeriv=-0.365084
 -439.1350852\RMSD=4.405e-09\RMSF=1.929e-05\ZeroPoint=0.1299065\Thermal
 ,-0.324952\H,2.337947,1.576579,-0.827683\\Version=ES64L-G16RevA.03\HF=
 -0.482819,-0.298308\H,3.443712,-0.679898,-0.696295\N,1.934734,0.804127
 C,1.555541,-1.311352,0.276878\H,1.686805,-2.363491,0.464853\C,2.46266,
 ,-0.51752\H,-2.266023,2.397674,-0.074004\H,0.083411,2.905087,0.143806\
 ,-0.518422,0.608381\H,-0.19637,-0.703786,1.496801\H,-3.165113,0.223792
 18\C,-0.248195,1.87626,0.182657\C,0.68227,0.808678,0.207997\C,0.395132
 0.021022\C,-1.503292,-0.930096,-0.149172\O,-1.651876,-2.096509,-0.2415
 \ts_initalOpt\\0,1\C,-2.146803,0.286112,-0.146647\C,-1.572729,1.56951,
 \#N Geom=AllCheck Guess=TCheck SCRF=Check GenChk RB3LYP/def2TZVP Freq\
 1\1\GINC-BHC0026\Freq\RB3LYP\def2TZVP\C8H7N1O1\DHANAWAY\10-Jun-2022\0\
 ----------------------------------------------------------------------

   zz         0.129996D+03      0.192634D+02      0.214334D+02
   zy         0.125786D+01      0.186396D+00      0.207393D+00
   zx         0.146740D+02      0.217446D+01      0.241941D+01
   yy         0.965342D+02      0.143049D+02      0.159163D+02
   yx         0.331433D+02      0.491133D+01      0.546459D+01
   xx         0.973545D+02      0.144265D+02      0.160516D+02
   aniso      0.709863D+02      0.105191D+02      0.117041D+02
   iso        0.107962D+03      0.159982D+02      0.178004D+02
               (au)            (10**-24 esu)      (10**-40 SI)
 Alpha(0;0):
 (esu units = cm**3 , SI units = C**2 m**2 J**-1)
 Dipole polarizability, Alpha (dipole orientation).

   z          0.161842D+01      0.411360D+01      0.137215D+02
   y          0.000000D+00      0.000000D+00      0.000000D+00
   x          0.000000D+00      0.000000D+00      0.000000D+00
   Tot        0.161842D+01      0.411360D+01      0.137215D+02
                  (au)            (Debye)         (10**-30 SI)
 (Debye = 10**-18 statcoulomb cm , SI units = C m)
 Electric dipole moment (dipole orientation):

     1          0.12846898          1.21204499          5.41816422
     7          0.98878391          1.08665249          3.72758530
     1          3.29577894          4.42313906          3.91223676
     6          2.62088242          2.89869879          2.74521104
     1          4.31974732          3.36013720         -0.96436785
     6          3.08439003          2.33657053          0.28745972
     1         -2.04879187         -3.33394583          3.86316749
     1         -4.44402696         -4.37279095          0.12362114
     1         -4.25401112         -2.11052618         -3.78933496
     1          2.35455351         -1.33323944         -1.60801639
     6          1.65103903          0.09604392         -0.32234590
     6          0.35854043         -0.61873812          1.90807319
     6         -1.52612311         -2.51273028          2.06583211
     8         -0.40675717          1.30918111         -4.87537907
     6         -1.06010355          0.01771113         -3.18037501
     6         -2.91178298         -3.02480813         -0.05833433
     6         -2.72003365         -1.84688619         -2.45310922
 Dipole orientation:

 ----------------------------------------------------------------------

   zz         0.624573D+02      0.925522D+01      0.102978D+02
   zy        -0.113086D+00     -0.167576D-01     -0.186454D-01
   zx        -0.857969D+00     -0.127138D+00     -0.141460D+00
   yy         0.119497D+03      0.177076D+02      0.197024D+02
   yx         0.384560D+00      0.569859D-01      0.634054D-01
   xx         0.141930D+03      0.210319D+02      0.234012D+02
   aniso      0.709863D+02      0.105191D+02      0.117041D+02
   iso        0.107962D+03      0.159982D+02      0.178004D+02
               (au)            (10**-24 esu)      (10**-40 SI)
 Alpha(0;0):
 (esu units = cm**3 , SI units = C**2 m**2 J**-1)
 Dipole polarizability, Alpha (input orientation).

   z         -0.244210D+00     -0.620719D+00     -0.207050D+01
   y          0.111811D+01      0.284194D+01      0.947970D+01
   x          0.114432D+01      0.290857D+01      0.970195D+01
   Tot        0.161842D+01      0.411360D+01      0.137215D+02
                  (au)            (Debye)         (10**-30 SI)
 (Debye = 10**-18 statcoulomb cm , SI units = C m)
 Electric dipole moment (input orientation):

 ----------------------------------------------------------------------


 GradGradGradGradGradGradGradGradGradGradGradGradGradGradGradGradGradGrad
 --------------------------------------------------------------------------------
 ! D34   D(15,14,16,17)         10.3105         -DE/DX =    0.0                 !
 ! D33   D(15,14,16,6)         178.9726         -DE/DX =    0.0                 !
 ! D32   D(12,14,16,17)       -169.7326         -DE/DX =    0.0                 !
 ! D31   D(12,14,16,6)          -1.0704         -DE/DX =    0.0                 !
 ! D30   D(13,12,14,16)       -178.1211         -DE/DX =    0.0                 !
 ! D29   D(13,12,14,15)          1.8299         -DE/DX =    0.0                 !
 ! D28   D(7,12,14,16)           0.963          -DE/DX =    0.0                 !
 ! D27   D(7,12,14,15)        -179.0861         -DE/DX =    0.0                 !
 ! D26   D(8,7,12,14)         -144.5734         -DE/DX =    0.0                 !
 ! D25   D(8,7,12,13)           34.5063         -DE/DX =    0.0                 !
 ! D24   D(6,7,12,14)           -0.5333         -DE/DX =    0.0                 !
 ! D23   D(6,7,12,13)          178.5465         -DE/DX =    0.0                 !
 ! D22   D(7,6,16,17)          169.4264         -DE/DX =    0.0                 !
 ! D21   D(7,6,16,14)            0.7087         -DE/DX =    0.0                 !
 ! D20   D(5,6,16,17)           -1.4755         -DE/DX =    0.0                 !
 ! D19   D(5,6,16,14)         -170.1932         -DE/DX =    0.0                 !
 ! D18   D(16,6,7,12)           -0.1098         -DE/DX =    0.0                 !
 ! D17   D(16,6,7,8)           144.7991         -DE/DX =    0.0                 !
 ! D16   D(5,6,7,12)           170.969          -DE/DX =    0.0                 !
 ! D15   D(5,6,7,8)            -44.1221         -DE/DX =    0.0                 !
 ! D14   D(11,5,6,16)          -28.4081         -DE/DX =    0.0                 !
 ! D13   D(11,5,6,7)           162.2684         -DE/DX =    0.0                 !
 ! D12   D(2,5,6,16)           142.6733         -DE/DX =    0.0                 !
 ! D11   D(2,5,6,7)            -26.6502         -DE/DX =    0.0                 !
 ! D10   D(10,2,5,11)           -4.2242         -DE/DX =    0.0                 !
 ! D9    D(10,2,5,6)          -175.3721         -DE/DX =    0.0                 !
 ! D8    D(1,2,5,11)           170.2099         -DE/DX =    0.0                 !
 ! D7    D(1,2,5,6)             -0.9379         -DE/DX =    0.0                 !
 ! D6    D(9,1,3,4)            -14.1764         -DE/DX =    0.0                 !
 ! D5    D(2,1,3,4)            179.0952         -DE/DX =    0.0                 !
 ! D4    D(9,1,2,10)            10.2535         -DE/DX =    0.0                 !
 ! D3    D(9,1,2,5)           -164.2867         -DE/DX =    0.0                 !
 ! D2    D(3,1,2,10)           176.3556         -DE/DX =    0.0                 !
 ! D1    D(3,1,2,5)              1.8154         -DE/DX =    0.0                 !
 ! A25   A(14,16,17)           124.594          -DE/DX =    0.0                 !
 ! A24   A(6,16,17)            124.1883         -DE/DX =    0.0                 !
 ! A23   A(6,16,14)            110.1666         -DE/DX =    0.0                 !
 ! A22   A(15,14,16)           120.5234         -DE/DX =    0.0                 !
 ! A21   A(12,14,16)           108.6236         -DE/DX =    0.0                 !
 ! A20   A(12,14,15)           130.8529         -DE/DX =    0.0                 !
 ! A19   A(13,12,14)           126.1054         -DE/DX =    0.0                 !
 ! A18   A(7,12,14)            107.4172         -DE/DX =    0.0                 !
 ! A17   A(7,12,13)            126.4704         -DE/DX =    0.0                 !
 ! A16   A(8,7,12)             122.2148         -DE/DX =    0.0                 !
 ! A15   A(6,7,12)             106.6696         -DE/DX =    0.0                 !
 ! A14   A(6,7,8)              120.2068         -DE/DX =    0.0                 !
 ! A13   A(7,6,16)             107.1125         -DE/DX =    0.0                 !
 ! A12   A(5,6,16)             126.8693         -DE/DX =    0.0                 !
 ! A11   A(5,6,7)              125.3396         -DE/DX =    0.0                 !
 ! A10   A(6,5,11)             121.0761         -DE/DX =    0.0                 !
 ! A9    A(2,5,11)             120.3608         -DE/DX =    0.0                 !
 ! A8    A(2,5,6)              117.9538         -DE/DX =   -0.0001              !
 ! A7    A(1,3,4)              144.6216         -DE/DX =    0.0                 !
 ! A6    A(5,2,10)             117.2459         -DE/DX =    0.0                 !
 ! A5    A(1,2,10)             115.0059         -DE/DX =    0.0                 !
 ! A4    A(1,2,5)              127.5378         -DE/DX =    0.0                 !
 ! A3    A(3,1,9)              112.7895         -DE/DX =    0.0                 !
 ! A2    A(2,1,9)              118.2184         -DE/DX =    0.0                 !
 ! A1    A(2,1,3)              127.718          -DE/DX =    0.0                 !
 ! R17   R(16,17)                1.006          -DE/DX =    0.0                 !
 ! R16   R(14,16)                1.3913         -DE/DX =    0.0                 !
 ! R15   R(14,15)                1.0769         -DE/DX =    0.0                 !
 ! R14   R(12,14)                1.3565         -DE/DX =    0.0                 !
 ! R13   R(12,13)                1.0768         -DE/DX =    0.0                 !
 ! R12   R(7,12)                 1.444          -DE/DX =    0.0                 !
 ! R11   R(7,8)                  1.0833         -DE/DX =    0.0                 !
 ! R10   R(6,16)                 1.3611         -DE/DX =    0.0                 !
 ! R9    R(6,7)                  1.4156         -DE/DX =    0.0                 !
 ! R8    R(5,11)                 1.0816         -DE/DX =    0.0                 !
 ! R7    R(5,6)                  1.4164         -DE/DX =    0.0                 !
 ! R6    R(3,4)                  1.1795         -DE/DX =   -0.0001              !
 ! R5    R(2,10)                 1.0842         -DE/DX =    0.0                 !
 ! R4    R(2,5)                  1.3692         -DE/DX =    0.0                 !
 ! R3    R(1,9)                  1.0855         -DE/DX =    0.0                 !
 ! R2    R(1,3)                  1.376          -DE/DX =    0.0                 !
 ! R1    R(1,2)                  1.4159         -DE/DX =    0.0                 !
 --------------------------------------------------------------------------------
 ! Name  Definition              Value          Derivative Info.                !
 --------------------------                            --------------------------
                           ! (Angstroms and Degrees)  !
                           !   Optimized Parameters   !
                           ----------------------------
    -- Stationary point found.
 Optimization completed.
 Predicted change in Energy=-6.283269D-08
 RMS     Displacement     0.000361     0.001200     YES
 Maximum Displacement     0.001462     0.001800     YES
 RMS     Force            0.000019     0.000300     YES
 Maximum Force            0.000066     0.000450     YES
         Item               Value     Threshold  Converged?
   D34        0.17995   0.00000   0.00000   0.00008   0.00008   0.18003
   D33        3.12366   0.00000   0.00000   0.00013   0.00013   3.12379
   D32       -2.96239   0.00001   0.00000   0.00001   0.00001  -2.96238
   D31       -0.01868   0.00001   0.00000   0.00006   0.00006  -0.01862
   D30       -3.10880  -0.00001   0.00000   0.00006   0.00006  -3.10874
   D29        0.03194  -0.00000   0.00000  -0.00002  -0.00002   0.03192
   D28        0.01681  -0.00000   0.00000  -0.00002  -0.00002   0.01679
   D27       -3.12564   0.00000   0.00000  -0.00010  -0.00010  -3.12574
   D26       -2.52328  -0.00002   0.00000  -0.00058  -0.00058  -2.52387
   D25        0.60225  -0.00002   0.00000  -0.00066  -0.00066   0.60159
   D24       -0.00931  -0.00000   0.00000  -0.00004  -0.00004  -0.00934
   D23        3.11622   0.00000   0.00000  -0.00011  -0.00011   3.11611
   D22        2.95705  -0.00001   0.00000  -0.00003  -0.00003   2.95702
   D21        0.01237  -0.00001   0.00000  -0.00008  -0.00008   0.01229
   D20       -0.02575   0.00001   0.00000   0.00025   0.00025  -0.02551
   D19       -2.97043   0.00001   0.00000   0.00019   0.00019  -2.97024
   D18       -0.00192   0.00001   0.00000   0.00007   0.00007  -0.00184
   D17        2.52722   0.00003   0.00000   0.00060   0.00060   2.52782
   D16        2.98397  -0.00001   0.00000  -0.00018  -0.00018   2.98379
   D15       -0.77008   0.00001   0.00000   0.00035   0.00035  -0.76973
   D14       -0.49581   0.00001   0.00000  -0.00074  -0.00074  -0.49655
   D13        2.83212   0.00003   0.00000  -0.00042  -0.00042   2.83169
   D12        2.49012   0.00001   0.00000  -0.00052  -0.00052   2.48960
   D11       -0.46513   0.00003   0.00000  -0.00021  -0.00021  -0.46534
   D10       -0.07373   0.00002   0.00000   0.00027   0.00027  -0.07346
    D9       -3.06082   0.00003   0.00000   0.00006   0.00006  -3.06076
    D8        2.97072   0.00004   0.00000   0.00037   0.00037   2.97110
    D7       -0.01637   0.00004   0.00000   0.00016   0.00016  -0.01621
    D6       -0.24743   0.00001   0.00000  -0.00018  -0.00018  -0.24761
    D5        3.12580  -0.00001   0.00000  -0.00039  -0.00039   3.12541
    D4        0.17896   0.00002   0.00000   0.00042   0.00042   0.17938
    D3       -2.86734   0.00001   0.00000   0.00032   0.00032  -2.86702
    D2        3.07799   0.00004   0.00000   0.00064   0.00064   3.07862
    D1        0.03169   0.00003   0.00000   0.00053   0.00053   0.03222
   A25        2.17458   0.00000   0.00000   0.00001   0.00001   2.17458
   A24        2.16749   0.00000   0.00000  -0.00001  -0.00001   2.16749
   A23        1.92277  -0.00000   0.00000   0.00001   0.00001   1.92278
   A22        2.10353  -0.00000   0.00000  -0.00001  -0.00001   2.10352
   A21        1.89584  -0.00000   0.00000  -0.00000  -0.00000   1.89584
   A20        2.28381   0.00000   0.00000   0.00001   0.00001   2.28383
   A19        2.20095  -0.00000   0.00000   0.00001   0.00001   2.20097
   A18        1.87478   0.00000   0.00000  -0.00002  -0.00002   1.87477
   A17        2.20732  -0.00000   0.00000   0.00000   0.00000   2.20733
   A16        2.13305   0.00001   0.00000   0.00016   0.00016   2.13321
   A15        1.86174  -0.00001   0.00000   0.00002   0.00002   1.86175
   A14        2.09800   0.00001   0.00000   0.00017   0.00017   2.09817
   A13        1.86947   0.00001   0.00000  -0.00001  -0.00001   1.86946
   A12        2.21429   0.00001   0.00000   0.00005   0.00005   2.21433
   A11        2.18759  -0.00002   0.00000  -0.00008  -0.00008   2.18751
   A10        2.11318   0.00002   0.00000   0.00004   0.00004   2.11321
    A9        2.10069   0.00003   0.00000   0.00007   0.00007   2.10076
    A8        2.05868  -0.00006   0.00000  -0.00008  -0.00008   2.05860
    A7        2.52412  -0.00002   0.00000  -0.00018  -0.00018   2.52394
    A6        2.04633   0.00001   0.00000  -0.00002  -0.00002   2.04631
    A5        2.00723   0.00002   0.00000   0.00000   0.00000   2.00724
    A4        2.22596  -0.00003   0.00000   0.00002   0.00002   2.22598
    A3        1.96855   0.00001   0.00000   0.00002   0.00002   1.96857
    A2        2.06330   0.00000   0.00000   0.00001   0.00001   2.06331
    A1        2.22910  -0.00000   0.00000   0.00000   0.00000   2.22910
   R17        1.90103   0.00000   0.00000   0.00000   0.00000   1.90103
   R16        2.62913   0.00001   0.00000   0.00004   0.00004   2.62917
   R15        2.03503   0.00000   0.00000   0.00000   0.00000   2.03503
   R14        2.56347  -0.00002   0.00000  -0.00004  -0.00004   2.56343
   R13        2.03491   0.00000   0.00000   0.00000   0.00000   2.03491
   R12        2.72879   0.00001   0.00000   0.00002   0.00002   2.72881
   R11        2.04713  -0.00001   0.00000  -0.00003  -0.00003   2.04710
   R10        2.57220  -0.00002   0.00000  -0.00005  -0.00005   2.57215
    R9        2.67511  -0.00001   0.00000  -0.00002  -0.00002   2.67509
    R8        2.04401   0.00000   0.00000  -0.00000  -0.00000   2.04401
    R7        2.67657  -0.00002   0.00000   0.00001   0.00001   2.67658
    R6        2.22886  -0.00007   0.00000  -0.00004  -0.00004   2.22881
    R5        2.04889   0.00000   0.00000   0.00001   0.00001   2.04889
    R4        2.58735  -0.00002   0.00000   0.00000   0.00000   2.58735
    R3        2.05136   0.00000   0.00000   0.00000   0.00000   2.05136
    R2        2.60019   0.00001   0.00000   0.00004   0.00004   2.60024
    R1        2.67567  -0.00001   0.00000  -0.00004  -0.00004   2.67563
                                 (Linear)    (Quad)   (Total)
 Variable       Old X    -DE/DX   Delta X   Delta X   Delta X     New X
 Iteration  2 RMS(Cart)=  0.00000012 RMS(Int)=  0.00000001
 Iteration  1 RMS(Cart)=  0.00036104 RMS(Int)=  0.00000007
 Linear search not attempted -- option 19 set.
 Angle between quadratic step and forces=  67.49 degrees.
   1                    0.18989   0.17691  -0.17013   0.16696  -0.16134
                          D15       D17       D25       A11       A12
   1                    0.64292   0.26119  -0.22682   0.19924  -0.19454
                          A7        A8        R2        A1        D26
 Eigenvectors required to have negative eigenvalues:
     Eigenvalues ---    0.48196   0.52571   0.61993   0.83903   1.37787
     Eigenvalues ---    0.37643   0.39468   0.41612   0.45873   0.47159
     Eigenvalues ---    0.35362   0.35457   0.36081   0.36227   0.37320
     Eigenvalues ---    0.23333   0.26992   0.31506   0.32839   0.35307
     Eigenvalues ---    0.12627   0.17208   0.17432   0.18997   0.21960
     Eigenvalues ---    0.09762   0.10557   0.10869   0.10983   0.11340
     Eigenvalues ---    0.02943   0.04139   0.05046   0.05262   0.08177
     Eigenvalues ---    0.01522   0.01865   0.02035   0.02129   0.02334
     Eigenvalues ---   -0.15274   0.00540   0.01192   0.01285   0.01439
 ITU=  0
 Second derivative matrix not updated -- analytic derivatives used.
 Swapping is turned off.
 All quantities printed in internal units (Hartrees-Bohrs-Radians)
 Step number   1 out of a maximum of    2
 Search for a saddle point.
 Internal  Forces:  Max     0.000066266 RMS     0.000018804
 Berny optimization.
 GradGradGradGradGradGradGradGradGradGradGradGradGradGradGradGradGradGrad

 FormGI is forming the generalized inverse of G from B-inverse, IUseBI=4.
 Cartesian Forces:  Max     0.000076200 RMS     0.000019292
 -------------------------------------------------------------------
     17        1          -0.000001073    0.000000534   -0.000003246
     16        7          -0.000027440    0.000002993   -0.000007794
     15        1           0.000001704    0.000001477    0.000000890
     14        6          -0.000009861   -0.000021987    0.000003062
     13        1           0.000002618    0.000000871    0.000005551
     12        6           0.000013829    0.000008651   -0.000016795
     11        1           0.000001321    0.000000414    0.000011081
     10        1          -0.000001494    0.000000679    0.000003982
      9        1           0.000002025    0.000000778   -0.000009604
      8        1          -0.000030788   -0.000014534   -0.000032353
      7        6           0.000011342    0.000026727    0.000020482
      6        6           0.000025801    0.000006187    0.000001565
      5        6          -0.000006728    0.000002664   -0.000009115
      4        8          -0.000001635    0.000066606    0.000004041
      3        6           0.000015420   -0.000076200    0.000039455
      2        6           0.000004496   -0.000014246   -0.000006389
      1        6           0.000000464    0.000008387   -0.000004815
 -------------------------------------------------------------------
 Number     Number              X              Y              Z
 Center     Atomic                   Forces (Hartrees/Bohr)
 -------------------------------------------------------------------
 ***** Axes restored to original set *****
 Rotational      0.537691D+06          5.730533         13.195040
 Translational   0.603239D+08          7.780490         17.915240
 Electronic      0.100000D+01          0.000000          0.000000
 Vib (V=0)   10  0.105543D+01          0.023431          0.053951
 Vib (V=0)    9  0.106869D+01          0.028853          0.066436
 Vib (V=0)    8  0.107601D+01          0.031815          0.073257
 Vib (V=0)    7  0.109559D+01          0.039650          0.091296
 Vib (V=0)    6  0.112280D+01          0.050301          0.115823
 Vib (V=0)    5  0.124094D+01          0.093752          0.215872
 Vib (V=0)    4  0.133291D+01          0.124801          0.287366
 Vib (V=0)    3  0.137252D+01          0.137520          0.316652
 Vib (V=0)    2  0.207288D+01          0.316575          0.728941
 Vib (V=0)    1  0.237124D+01          0.374975          0.863412
 Vib (V=0)       0.225357D+02          1.352872          3.115103
 Vib (Bot)   10  0.241879D+00         -0.616402         -1.419317
 Vib (Bot)    9  0.270944D+00         -0.567120         -1.305842
 Vib (Bot)    8  0.285980D+00         -0.543664         -1.251833
 Vib (Bot)    7  0.323623D+00         -0.489960         -1.128176
 Vib (Bot)    6  0.371318D+00         -0.430254         -0.990697
 Vib (Bot)    5  0.546807D+00         -0.262166         -0.603660
 Vib (Bot)    4  0.666140D+00         -0.176435         -0.406256
 Vib (Bot)    3  0.715052D+00         -0.145662         -0.335400
 Vib (Bot)    2  0.149130D+01          0.173564          0.399646
 Vib (Bot)    1  0.180320D+01          0.256044          0.589563
 Vib (Bot)       0.398192D-58        -58.399907       -134.470756
 Total V=0       0.730962D+15         14.863895         34.225383
 Total Bot       0.129156D-44        -44.888884       -103.360476
                       Q            Log10(Q)             Ln(Q)
 Vibration    10          0.970              1.009              0.432
 Vibration     9          0.925              1.099              0.507
 Vibration     8          0.904              1.141              0.546
 Vibration     7          0.861              1.238              0.645
 Vibration     6          0.817              1.342              0.770
 Vibration     5          0.720              1.596              1.214
 Vibration     4          0.685              1.697              1.489
 Vibration     3          0.674              1.728              1.595
 Vibration     2          0.614              1.917              2.853
 Vibration     1          0.607              1.938              3.208
 Vibrational             84.508             24.536             16.222
 Rotational               0.889              2.981             29.202
 Translational            0.889              2.981             40.569
 Electronic               0.000              0.000              0.000
 Total                   86.286             30.497             85.993
                      KCal/Mol        Cal/Mol-Kelvin    Cal/Mol-Kelvin
                     E (Thermal)             CV                S
 
 Sum of electronic and thermal Free Energies=         -439.037494
 Sum of electronic and thermal Enthalpies=            -438.996636
 Sum of electronic and thermal Energies=              -438.997580
 Sum of electronic and zero-point Energies=           -439.005179
 Thermal correction to Gibbs Free Energy=         0.097591
 Thermal correction to Enthalpy=                  0.138449
 Thermal correction to Energy=                    0.137505
 Zero-point correction=                           0.129906 (Hartree/Particle)
 
                             4590.71  4673.99  4700.62  5232.16
                             2304.17  2794.44  4522.97  4553.98  4554.95
                             2020.65  2062.29  2102.91  2225.64  2260.58
                             1647.04  1728.04  1794.22  1838.81  1993.80
                             1422.11  1444.21  1501.54  1567.73  1619.41
                             1164.46  1218.73  1254.54  1286.70  1387.85
                              899.36   976.93  1020.03  1063.86  1088.30
          (Kelvin)            659.82   727.17   790.15   818.29   878.51
 Vibrational temperatures:    163.30   196.36   388.82   413.61   488.69
           vibrations may cause significant error
 Warning -- explicit consideration of  10 degrees of freedom as
                                   81.51755 (Kcal/Mol)
 Zero-point vibrational energy     341069.4 (Joules/Mol)
    1 imaginary frequencies ignored.
 Rotational constants (GHZ):           2.15868     1.37139     0.88008
 Rotational temperatures (Kelvin)      0.10360     0.06582     0.04224
           may cause significant error
 Warning -- assumption of classical behavior for rotation
 Rotational symmetry number  1.
 This molecule is an asymmetric top.
           Z            0.00640   0.01315   0.99989
           Y            0.06182   0.99800  -0.01352
           X            0.99807  -0.06190  -0.00557
     Eigenvalues --   836.039671315.991132050.66664
                           1         2         3
 Principal axes and moments of inertia in atomic units:
 Molecular mass:   133.05276 amu.
 Atom    17 has atomic number  1 and mass   1.00783
 Atom    16 has atomic number  7 and mass  14.00307
 Atom    15 has atomic number  1 and mass   1.00783
 Atom    14 has atomic number  6 and mass  12.00000
 Atom    13 has atomic number  1 and mass   1.00783
 Atom    12 has atomic number  6 and mass  12.00000
 Atom    11 has atomic number  1 and mass   1.00783
 Atom    10 has atomic number  1 and mass   1.00783
 Atom     9 has atomic number  1 and mass   1.00783
 Atom     8 has atomic number  1 and mass   1.00783
 Atom     7 has atomic number  6 and mass  12.00000
 Atom     6 has atomic number  6 and mass  12.00000
 Atom     5 has atomic number  6 and mass  12.00000
 Atom     4 has atomic number  8 and mass  15.99491
 Atom     3 has atomic number  6 and mass  12.00000
 Atom     2 has atomic number  6 and mass  12.00000
 Atom     1 has atomic number  6 and mass  12.00000
 Temperature   298.150 Kelvin.  Pressure   1.00000 Atm.
 -------------------
 - Thermochemistry -
 -------------------

    17   1    -0.01  -0.00   0.01    -0.01  -0.01   0.01     0.40   0.77  -0.50
    16   7     0.00   0.00  -0.00     0.00  -0.00  -0.00    -0.03  -0.06   0.04
    15   1     0.61  -0.13  -0.25     0.67  -0.13  -0.27     0.01  -0.00  -0.00
    14   6    -0.05   0.01   0.02    -0.06   0.01   0.03    -0.00   0.00   0.00
    13   1    -0.09   0.72  -0.13     0.08  -0.65   0.12     0.00  -0.00  -0.00
    12   6     0.01  -0.06   0.01    -0.00   0.06  -0.01     0.00   0.00  -0.00
    11   1    -0.00  -0.00   0.00    -0.00  -0.00  -0.00    -0.00  -0.00  -0.00
    10   1     0.00  -0.00   0.00    -0.00   0.00  -0.00     0.00  -0.00  -0.00
     9   1     0.00  -0.00   0.00    -0.00   0.00  -0.00    -0.00   0.00  -0.00
     8   1     0.02   0.00  -0.03    -0.02  -0.00   0.03    -0.00  -0.00  -0.00
     7   6    -0.00   0.00   0.00     0.00  -0.00  -0.00     0.00   0.00  -0.00
     6   6     0.00   0.00  -0.00     0.00  -0.00  -0.00     0.00  -0.00  -0.00
     5   6    -0.00   0.00   0.00    -0.00   0.00  -0.00     0.00  -0.00   0.00
     4   8     0.00   0.00   0.00    -0.00  -0.00  -0.00    -0.00   0.00   0.00
     3   6    -0.00  -0.00  -0.00     0.00   0.00   0.00     0.00  -0.00  -0.00
     2   6     0.00   0.00  -0.00     0.00   0.00   0.00    -0.00  -0.00   0.00
     1   6    -0.00  -0.00  -0.00     0.00  -0.00  -0.00    -0.00   0.00   0.00
  Atom  AN      X      Y      Z        X      Y      Z        X      Y      Z
 IR Inten    --      0.3078                 1.4881                69.7947
 Frc consts  --      6.7739                 6.9474                 8.4118
 Red. masses --      1.0894                 1.1047                 1.0796
 Frequencies --   3248.5861              3267.0928              3636.5311
                      A                      A                      A
                     43                     44                     45
    17   1    -0.00   0.00   0.00    -0.00  -0.00   0.00     0.00  -0.00  -0.00
    16   7     0.00  -0.00  -0.00    -0.00   0.00   0.00     0.00  -0.00   0.00
    15   1    -0.00   0.00  -0.00    -0.00   0.00   0.00     0.00  -0.00  -0.00
    14   6     0.00   0.00  -0.00    -0.00  -0.00   0.00    -0.00  -0.00   0.00
    13   1    -0.00  -0.00   0.00    -0.00   0.05  -0.01     0.00   0.00  -0.00
    12   6     0.00   0.00   0.00    -0.00  -0.00   0.00     0.00  -0.00   0.00
    11   1    -0.10  -0.32   0.01    -0.01  -0.03   0.00     0.28   0.89  -0.03
    10   1    -0.56   0.67  -0.08    -0.04   0.04  -0.01    -0.21   0.25  -0.03
     9   1    -0.29  -0.02  -0.11    -0.02  -0.00  -0.01    -0.07  -0.01  -0.02
     8   1     0.04   0.01  -0.06    -0.55  -0.18   0.81    -0.01  -0.00   0.01
     7   6    -0.00  -0.00   0.00     0.05   0.02  -0.07     0.00   0.00  -0.00
     6   6     0.00   0.00  -0.00    -0.00  -0.00   0.00    -0.00   0.00   0.00
     5   6     0.01   0.03  -0.00     0.00   0.00   0.00    -0.03  -0.08   0.00
     4   8     0.00  -0.00  -0.00     0.00  -0.00   0.00     0.00   0.00  -0.00
     3   6    -0.00   0.00   0.00    -0.00   0.00  -0.00     0.00   0.00   0.00
     2   6     0.05  -0.06   0.01     0.00  -0.00   0.00     0.02  -0.02   0.00
     1   6     0.03   0.00   0.01     0.00  -0.00   0.00     0.01   0.00   0.00
  Atom  AN      X      Y      Z        X      Y      Z        X      Y      Z
 IR Inten    --      6.1160                 3.7277                 7.7694
 Frc consts  --      6.4185                 6.4356                 6.5529
 Red. masses --      1.0874                 1.0898                 1.0925
 Frequencies --   3165.1730              3165.8486              3190.7061
                      A                      A                      A
                     40                     41                     42
    17   1    -0.48   0.37   0.13    -0.01   0.02   0.00     0.00   0.00  -0.00
    16   7     0.13  -0.07  -0.04     0.01  -0.01  -0.00     0.00  -0.00   0.00
    15   1    -0.11   0.31  -0.01     0.01   0.00  -0.01    -0.00   0.00   0.00
    14   6    -0.12  -0.12   0.08     0.01  -0.00  -0.00     0.00   0.00  -0.00
    13   1    -0.20   0.11   0.06     0.03   0.01  -0.00     0.00  -0.00   0.00
    12   6     0.13   0.10  -0.08    -0.00   0.00   0.01    -0.00   0.00  -0.00
    11   1    -0.06  -0.12   0.02    -0.01   0.03   0.00    -0.01  -0.04   0.00
    10   1    -0.24  -0.21  -0.06     0.02  -0.00  -0.03    -0.21   0.24  -0.03
     9   1    -0.04  -0.02  -0.00     0.07   0.08  -0.02     0.89   0.04   0.31
     8   1    -0.17   0.22   0.00    -0.03   0.04  -0.04    -0.00  -0.00   0.00
     7   6     0.01  -0.14   0.03     0.03  -0.01   0.00     0.00   0.00  -0.00
     6   6    -0.13   0.23  -0.01    -0.03   0.02   0.00    -0.00   0.00  -0.00
     5   6    -0.02  -0.12  -0.00     0.05   0.00   0.01     0.00   0.00  -0.00
     4   8     0.00   0.02   0.00    -0.06  -0.48  -0.04     0.00  -0.00   0.00
     3   6    -0.02  -0.00  -0.00    -0.02   0.84   0.04    -0.00  -0.00  -0.00
     2   6     0.14   0.12   0.02    -0.03  -0.03  -0.01     0.02  -0.02   0.00
     1   6    -0.03  -0.09  -0.01     0.06  -0.18   0.01    -0.07  -0.00  -0.03
  Atom  AN      X      Y      Z        X      Y      Z        X      Y      Z
 IR Inten    --     23.3139               766.6754                 5.9637
 Frc consts  --      5.6500                28.3214                 6.3128
 Red. masses --      3.7390                12.7427                 1.0842
 Frequencies --   1601.4754              1942.2334              3143.6201
                      A                      A                      A
                     37                     38                     39
    17   1    -0.42   0.23   0.12    -0.05  -0.04  -0.01    -0.08   0.12   0.02
    16   7     0.06  -0.10  -0.00     0.02  -0.06   0.01     0.04   0.02  -0.03
    15   1    -0.02  -0.17   0.05     0.17  -0.45   0.01    -0.03   0.27  -0.04
    14   6     0.01   0.11  -0.02     0.20   0.22  -0.13    -0.06  -0.11   0.05
    13   1    -0.10  -0.05   0.05     0.28  -0.18  -0.10    -0.03   0.08  -0.00
    12   6    -0.02  -0.04   0.01    -0.22  -0.16   0.13     0.05   0.07  -0.04
    11   1     0.53  -0.15   0.04    -0.37   0.02   0.03    -0.31   0.24   0.07
    10   1     0.34   0.18   0.08    -0.26  -0.11  -0.07     0.32   0.46   0.11
     9   1     0.08  -0.34  -0.01    -0.05   0.16   0.03     0.08   0.22   0.03
     8   1    -0.06   0.06   0.02     0.10   0.02   0.04    -0.08   0.11  -0.06
     7   6     0.00  -0.07   0.02     0.04  -0.04  -0.02     0.04  -0.02   0.00
     6   6     0.01   0.13  -0.03    -0.19   0.23   0.00    -0.14   0.02   0.04
     5   6    -0.07   0.04   0.00     0.18  -0.14   0.01     0.35   0.01   0.02
     4   8     0.01  -0.03  -0.00     0.00   0.04   0.00     0.02   0.04   0.00
     3   6    -0.02   0.00  -0.01    -0.01  -0.02  -0.00    -0.06  -0.03  -0.01
     2   6    -0.06  -0.15  -0.02     0.00   0.11  -0.00    -0.35  -0.14  -0.06
     1   6     0.04   0.16   0.02    -0.01  -0.12  -0.01     0.10  -0.00   0.02
  Atom  AN      X      Y      Z        X      Y      Z        X      Y      Z
 IR Inten    --     27.8542                17.0527               170.3750
 Frc consts  --      2.9013                 7.1695                 6.8641
 Red. masses --      2.3051                 5.0853                 4.7193
 Frequencies --   1461.5956              1546.8950              1571.1810
                      A                      A                      A
                     34                     35                     36
    17   1    -0.04  -0.01   0.03    -0.48   0.36   0.15     0.11  -0.20  -0.01
    16   7    -0.01  -0.03   0.01     0.14  -0.08  -0.04    -0.13  -0.02   0.06
    15   1    -0.11  -0.38   0.12    -0.09  -0.05   0.04    -0.07  -0.43   0.12
    14   6    -0.06   0.09   0.01    -0.06   0.11   0.01    -0.01   0.06  -0.01
    13   1    -0.35  -0.07   0.19    -0.08  -0.10   0.04    -0.38  -0.02   0.18
    12   6     0.14  -0.05  -0.05     0.05  -0.08   0.01     0.11   0.00  -0.05
    11   1    -0.37   0.10   0.00     0.01   0.04  -0.03     0.17  -0.05   0.01
    10   1    -0.39  -0.31  -0.07     0.24   0.24   0.03     0.17   0.25  -0.00
     9   1     0.02  -0.39  -0.02    -0.05   0.47   0.04    -0.01   0.49   0.02
     8   1    -0.01  -0.18   0.01     0.23  -0.23   0.07    -0.20  -0.02  -0.00
     7   6    -0.06   0.09   0.02    -0.05   0.16  -0.03    -0.06  -0.09   0.06
     6   6     0.01  -0.02  -0.01    -0.04  -0.13   0.04     0.19   0.11  -0.10
     5   6     0.10  -0.05   0.01    -0.05   0.05   0.00     0.00  -0.01   0.01
     4   8     0.00  -0.03  -0.00    -0.01   0.03   0.00     0.01   0.05   0.01
     3   6    -0.01   0.00  -0.01     0.02  -0.00   0.00    -0.03   0.01   0.00
     2   6    -0.01   0.01  -0.00    -0.00   0.03   0.00    -0.07   0.04  -0.01
     1   6    -0.01   0.11   0.01     0.00  -0.15  -0.01     0.04  -0.18  -0.00
  Atom  AN      X      Y      Z        X      Y      Z        X      Y      Z
 IR Inten    --     20.6093                11.0184                51.0171
 Frc consts  --      2.1215                 2.9541                 3.4449
 Red. masses --      1.8751                 2.5420                 2.8459
 Frequencies --   1385.7633              1404.4254              1433.3617
                      A                      A                      A
                     31                     32                     33
    17   1     0.13  -0.07  -0.04    -0.12   0.02   0.00    -0.53   0.29   0.16
    16   7     0.02   0.00  -0.01     0.03  -0.05  -0.00    -0.03  -0.05   0.03
    15   1    -0.01  -0.04   0.01    -0.05  -0.18   0.08     0.01   0.31  -0.06
    14   6    -0.00   0.01  -0.00    -0.02   0.10  -0.01    -0.02  -0.02   0.01
    13   1    -0.08   0.00   0.04    -0.29   0.07   0.11     0.30   0.03  -0.15
    12   6     0.01   0.00  -0.01    -0.06   0.07  -0.00    -0.08   0.02   0.04
    11   1     0.56  -0.16   0.08    -0.41   0.20  -0.07    -0.10   0.06  -0.01
    10   1    -0.44  -0.38  -0.07    -0.08  -0.06  -0.01    -0.39  -0.26  -0.10
     9   1    -0.04   0.50   0.04    -0.05   0.20   0.01    -0.01   0.14  -0.00
     8   1    -0.05   0.06  -0.05    -0.15   0.68  -0.03     0.06  -0.25  -0.03
     7   6     0.02   0.02  -0.00     0.11  -0.15  -0.03     0.01  -0.00   0.00
     6   6    -0.05  -0.01   0.04     0.04  -0.12   0.04     0.19   0.00  -0.09
     5   6     0.02   0.01  -0.00    -0.01   0.07  -0.00     0.05   0.00   0.02
     4   8     0.00  -0.00  -0.00    -0.01  -0.01  -0.00     0.00  -0.01  -0.00
     3   6     0.02  -0.01   0.01     0.04  -0.01   0.01     0.01  -0.00   0.00
     2   6    -0.05  -0.04  -0.01     0.00   0.00   0.00    -0.06   0.02  -0.01
     1   6    -0.00   0.03  -0.00    -0.03   0.03  -0.01    -0.00   0.02   0.00
  Atom  AN      X      Y      Z        X      Y      Z        X      Y      Z
 IR Inten    --     21.7039                 1.0185                 2.7498
 Frc consts  --      0.9625                 1.7657                 1.6714
 Red. masses --      1.1324                 1.9271                 1.7367
 Frequencies --   1201.0478              1247.0467              1278.0340
                      A                      A                      A
                     28                     29                     30
    17   1    -0.47   0.51   0.12     0.05  -0.04  -0.02     0.15  -0.03  -0.06
    16   7    -0.04   0.18  -0.03    -0.00  -0.00   0.00     0.06   0.03  -0.03
    15   1     0.11  -0.37   0.01     0.02   0.05  -0.03     0.14   0.73  -0.18
    14   6     0.14  -0.13  -0.02     0.01  -0.01  -0.01     0.05   0.05  -0.04
    13   1    -0.12  -0.12   0.14     0.01  -0.00   0.03    -0.50  -0.11   0.24
    12   6     0.02  -0.11  -0.01     0.02  -0.01  -0.01    -0.02  -0.08   0.03
    11   1     0.00   0.03  -0.02    -0.48   0.05   0.01    -0.05   0.04   0.00
    10   1    -0.04  -0.05   0.02     0.22   0.11   0.08    -0.07  -0.05  -0.02
     9   1     0.00   0.06  -0.02    -0.05   0.70   0.07     0.01  -0.04   0.00
     8   1    -0.33   0.29  -0.10    -0.18  -0.30  -0.14    -0.13  -0.03   0.04
     7   6    -0.04   0.01   0.03    -0.00   0.01   0.04    -0.09  -0.06   0.05
     6   6    -0.00  -0.02   0.02    -0.02   0.06  -0.03     0.03  -0.01  -0.01
     5   6    -0.01   0.03  -0.01    -0.07  -0.07  -0.01     0.01   0.02   0.01
     4   8     0.00   0.00   0.00    -0.00  -0.07  -0.01     0.00   0.01   0.00
     3   6     0.00   0.00   0.00     0.07  -0.03   0.03    -0.01   0.01  -0.00
     2   6     0.01  -0.01   0.00     0.04  -0.04  -0.02    -0.01   0.00  -0.00
     1   6    -0.00   0.00   0.00    -0.00   0.14   0.00     0.01  -0.01   0.00
  Atom  AN      X      Y      Z        X      Y      Z        X      Y      Z
 IR Inten    --     12.2789                 2.9058                 6.1033
 Frc consts  --      1.4164                 1.2139                 1.0904
 Red. masses --      2.0248                 1.6264                 1.4122
 Frequencies --   1089.6287              1125.5483              1144.7478
                      A                      A                      A
                     25                     26                     27
    17   1    -0.23  -0.03   0.08     0.01   0.01   0.01     0.04  -0.12  -0.02
    16   7    -0.15  -0.07   0.08    -0.01   0.01  -0.00     0.00  -0.08   0.01
    15   1     0.09   0.42  -0.07     0.02  -0.01   0.02     0.03   0.20  -0.03
    14   6     0.03  -0.02  -0.01     0.01  -0.02  -0.00     0.00   0.04  -0.00
    13   1    -0.47  -0.06   0.20     0.02  -0.04  -0.10     0.57  -0.01  -0.13
    12   6     0.02  -0.03   0.00     0.02  -0.01   0.02     0.05  -0.06  -0.05
    11   1     0.16  -0.17  -0.01    -0.29  -0.02  -0.12    -0.03  -0.01  -0.02
    10   1     0.15   0.19   0.10    -0.19  -0.19   0.24    -0.01   0.00  -0.01
     9   1    -0.03  -0.01   0.01     0.22   0.24  -0.03     0.01  -0.02   0.02
     8   1     0.19   0.46  -0.01     0.52   0.33   0.43    -0.49   0.55  -0.12
     7   6     0.13   0.17  -0.11    -0.06  -0.02  -0.05    -0.09   0.07   0.04
     6   6     0.01   0.03   0.04     0.02   0.01   0.03     0.02  -0.00   0.02
     5   6     0.02  -0.12  -0.01    -0.10  -0.07  -0.00    -0.01  -0.01   0.01
     4   8    -0.01  -0.04  -0.01     0.03   0.04   0.01    -0.00   0.00  -0.00
     3   6     0.03  -0.02   0.00    -0.13   0.03  -0.06    -0.00  -0.00   0.00
     2   6    -0.00   0.05  -0.01     0.00  -0.05  -0.06    -0.01   0.01  -0.00
     1   6    -0.03   0.02  -0.00     0.19   0.03   0.07     0.02  -0.00   0.00
  Atom  AN      X      Y      Z        X      Y      Z        X      Y      Z
 IR Inten    --      4.8238                 6.1025                 7.5553
 Frc consts  --      1.3734                 1.2451                 0.8870
 Red. masses --      2.3860                 2.0974                 1.3822
 Frequencies --    988.4126              1003.7733              1043.6222
                      A                      A                      A
                     22                     23                     24
    17   1     0.04   0.01   0.06    -0.30  -0.08   0.12     0.01  -0.01  -0.01
    16   7     0.00  -0.01  -0.00    -0.03  -0.23   0.09     0.01  -0.00  -0.00
    15   1    -0.24  -0.10  -0.55     0.34  -0.10  -0.12    -0.01  -0.01  -0.02
    14   6     0.04   0.02   0.09     0.33  -0.08  -0.14    -0.00   0.01   0.00
    13   1     0.23   0.18   0.71    -0.37   0.30  -0.04     0.01   0.01   0.01
    12   6    -0.07  -0.00  -0.11    -0.00   0.34  -0.06    -0.01   0.01  -0.00
    11   1     0.00  -0.02   0.02    -0.04   0.05  -0.06     0.09  -0.02  -0.35
    10   1    -0.01   0.01  -0.00    -0.04  -0.14  -0.06    -0.15   0.00   0.87
     9   1     0.02  -0.02   0.00     0.05  -0.04  -0.05     0.02  -0.06  -0.15
     8   1     0.09  -0.04   0.05    -0.14  -0.25   0.01    -0.12  -0.10  -0.10
     7   6     0.01   0.00   0.00    -0.17   0.08   0.07     0.01  -0.01   0.01
     6   6     0.00  -0.01   0.00    -0.12  -0.09  -0.02     0.00  -0.00   0.01
     5   6    -0.01  -0.02  -0.00    -0.01   0.05   0.03     0.02   0.02   0.07
     4   8    -0.00   0.00   0.00     0.00   0.05   0.01    -0.01  -0.00  -0.01
     3   6    -0.00   0.00  -0.01    -0.01   0.03  -0.00     0.02  -0.01   0.03
     2   6    -0.01   0.01  -0.00     0.03  -0.07   0.00     0.01   0.02  -0.14
     1   6     0.02  -0.00   0.01     0.03  -0.04   0.01    -0.04  -0.02   0.02
  Atom  AN      X      Y      Z        X      Y      Z        X      Y      Z
 IR Inten    --      2.1173                 6.8347                 1.9764
 Frc consts  --      0.5916                 2.5765                 0.7235
 Red. masses --      1.3207                 5.4678                 1.3198
 Frequencies --    871.9496               894.3040               964.6051
                      A                      A                      A
                     19                     20                     21
    17   1    -0.09  -0.05  -0.11    -0.02   0.01  -0.09     0.06   0.11  -0.04
    16   7    -0.04  -0.04  -0.05     0.02   0.02  -0.04     0.12   0.04  -0.10
    15   1    -0.19  -0.05  -0.47    -0.07  -0.08  -0.01     0.06  -0.25   0.08
    14   6     0.04   0.02   0.06    -0.03   0.03   0.01     0.07   0.00  -0.02
    13   1    -0.09  -0.08  -0.29    -0.20   0.03  -0.02    -0.05   0.10  -0.20
    12   6     0.06   0.00   0.07    -0.07   0.05   0.05    -0.04   0.14   0.01
    11   1    -0.09   0.10   0.56    -0.05  -0.17  -0.23     0.29  -0.27   0.19
    10   1    -0.01  -0.03   0.17    -0.03  -0.03  -0.11    -0.02   0.45   0.06
     9   1     0.08   0.03  -0.34     0.13  -0.22   0.14    -0.06  -0.05   0.14
     8   1    -0.10  -0.12  -0.14    -0.54  -0.25  -0.55     0.14   0.11   0.29
     7   6    -0.06  -0.03  -0.10     0.04   0.03  -0.09    -0.15  -0.04   0.05
     6   6     0.06   0.05   0.16     0.04  -0.03   0.07     0.10  -0.06   0.12
     5   6     0.01   0.04  -0.13    -0.06  -0.15   0.01    -0.01  -0.19  -0.03
     4   8     0.00   0.01   0.01    -0.01   0.08  -0.01    -0.01  -0.17  -0.01
     3   6     0.01   0.01  -0.00    -0.01   0.04   0.09     0.05  -0.10  -0.02
     2   6     0.02  -0.03  -0.01    -0.03  -0.01   0.02    -0.18   0.30  -0.01
     1   6    -0.06  -0.02   0.05     0.17  -0.02  -0.03    -0.01   0.09  -0.01
  Atom  AN      X      Y      Z        X      Y      Z        X      Y      Z
 IR Inten    --      7.2198                54.4857                23.0845
 Frc consts  --      0.6869                 0.8568                 1.9597
 Red. masses --      2.0376                 2.2201                 4.6356
 Frequencies --    756.4059               809.3434               847.0630
                      A                      A                      A
                     16                     17                     18
    17   1    -0.02   0.10   0.08    -0.00   0.02   0.07     0.03   0.06   0.09
    16   7    -0.01   0.04   0.00    -0.01  -0.03  -0.01     0.01   0.02   0.01
    15   1    -0.09  -0.00  -0.11     0.23   0.08   0.45     0.17   0.06   0.45
    14   6    -0.02   0.05   0.04    -0.02  -0.03  -0.10    -0.05   0.01  -0.06
    13   1    -0.09  -0.01  -0.23     0.24   0.12   0.52     0.08   0.09   0.30
    12   6    -0.04   0.04  -0.01     0.02   0.00  -0.01    -0.06   0.02  -0.03
    11   1     0.04  -0.07   0.58    -0.07   0.08   0.13     0.00  -0.04   0.53
    10   1     0.07  -0.04   0.28    -0.04  -0.04   0.20    -0.00  -0.00   0.04
     9   1    -0.22  -0.07   0.56    -0.20  -0.04   0.44     0.24  -0.02  -0.49
     8   1     0.03   0.15   0.14     0.09  -0.12   0.01    -0.11  -0.03  -0.08
     7   6    -0.01   0.02   0.08    -0.04  -0.03  -0.06     0.03   0.02   0.03
     6   6     0.00  -0.06  -0.08     0.05   0.05   0.15    -0.00  -0.04  -0.03
     5   6     0.05  -0.09  -0.04     0.01   0.05  -0.07    -0.01  -0.06  -0.05
     4   8    -0.01   0.04  -0.02     0.01   0.01  -0.02    -0.02   0.02   0.02
     3   6    -0.00   0.03   0.05    -0.03   0.01   0.07     0.05   0.01  -0.05
     2   6     0.08  -0.07  -0.07     0.01  -0.03   0.01     0.01  -0.00  -0.05
     1   6    -0.00  -0.02  -0.06    -0.01  -0.00  -0.10     0.02  -0.02   0.13
  Atom  AN      X      Y      Z        X      Y      Z        X      Y      Z
 IR Inten    --     36.6744                93.0583                23.0459
 Frc consts  --      0.4660                 0.5269                 0.4926
 Red. masses --      1.7155                 1.7791                 1.5292
 Frequencies --    679.0022               708.9572               739.4199
                      A                      A                      A
                     13                     14                     15
    17   1    -0.01   0.09   0.13     0.13   0.23   0.38     0.15   0.02   0.27
    16   7    -0.04   0.01  -0.01     0.02   0.07   0.03     0.06  -0.01   0.16
    15   1     0.04   0.09   0.12    -0.18  -0.03  -0.30    -0.18  -0.09  -0.50
    14   6     0.00   0.06   0.04    -0.09   0.04  -0.14    -0.04  -0.07  -0.15
    13   1     0.02   0.00  -0.12     0.17   0.13   0.27     0.10  -0.03   0.15
    12   6    -0.03   0.01  -0.07     0.04   0.09   0.16     0.11  -0.03   0.14
    11   1     0.10  -0.04  -0.20     0.14  -0.16  -0.35    -0.01   0.09   0.52
    10   1     0.04   0.02   0.23     0.25   0.02  -0.11    -0.18   0.07   0.09
     9   1     0.24   0.13  -0.73    -0.06   0.19  -0.21     0.09  -0.10   0.03
     8   1     0.14   0.02   0.18    -0.08   0.16  -0.01    -0.06   0.07  -0.11
     7   6    -0.02  -0.02   0.06    -0.13  -0.03  -0.09     0.02  -0.03  -0.09
     6   6    -0.03  -0.04  -0.03     0.03  -0.05  -0.01    -0.09  -0.03  -0.15
     5   6     0.06  -0.02  -0.15     0.12  -0.14   0.04    -0.08   0.09  -0.01
     4   8     0.03  -0.02  -0.08     0.05   0.01   0.03     0.01  -0.03  -0.05
     3   6    -0.09  -0.03   0.26    -0.05   0.02  -0.06    -0.02  -0.04   0.16
     2   6     0.03   0.00   0.16     0.10  -0.10   0.03    -0.08   0.14  -0.05
     1   6     0.03   0.02  -0.12    -0.13   0.03   0.01     0.10   0.02  -0.02
  Atom  AN      X      Y      Z        X      Y      Z        X      Y      Z
 IR Inten    --      3.5927                 9.1861                 3.8712
 Frc consts  --      0.5596                 0.6680                 0.8027
 Red. masses --      2.9366                 3.0409                 3.4869
 Frequencies --    568.7393               610.5948               625.0891
                      A                      A                      A
                     10                     11                     12
    17   1     0.05  -0.17  -0.35     0.40   0.15   0.46     0.42   0.26   0.80
    16   7     0.20   0.02   0.07     0.01  -0.05  -0.16    -0.04  -0.04  -0.05
    15   1    -0.02  -0.18  -0.21     0.11  -0.05   0.15    -0.03  -0.00  -0.09
    14   6     0.04  -0.09  -0.09     0.07  -0.03   0.05     0.00  -0.00  -0.01
    13   1     0.01  -0.03   0.01    -0.04  -0.01  -0.01    -0.05  -0.05  -0.14
    12   6     0.06  -0.02   0.02     0.01  -0.00  -0.01     0.01  -0.01   0.00
    11   1    -0.29  -0.08  -0.05    -0.12   0.02   0.21    -0.05   0.02  -0.14
    10   1    -0.12  -0.06   0.18     0.08   0.01  -0.49    -0.08  -0.02   0.12
     9   1    -0.10  -0.14  -0.35    -0.03  -0.03  -0.20    -0.00  -0.06   0.07
     8   1     0.26   0.21   0.24     0.11   0.13   0.04    -0.04  -0.04  -0.00
     7   6     0.11   0.07   0.11     0.02   0.04  -0.05     0.05   0.00   0.06
     6   6     0.12   0.06   0.00     0.06   0.04   0.00    -0.00   0.01   0.03
     5   6    -0.12  -0.13  -0.04    -0.04  -0.01   0.21    -0.03   0.01  -0.07
     4   8    -0.10   0.14  -0.02     0.03   0.02  -0.08    -0.03   0.02   0.03
     3   6     0.09   0.11   0.03    -0.08   0.01   0.20     0.06   0.01  -0.07
     2   6    -0.19  -0.13   0.07    -0.01  -0.03  -0.17    -0.04   0.00   0.04
     1   6    -0.19  -0.03  -0.11    -0.12  -0.01   0.05     0.03  -0.01  -0.01
  Atom  AN      X      Y      Z        X      Y      Z        X      Y      Z
 IR Inten    --      7.0835                10.0277                55.4567
 Frc consts  --      0.5667                 0.4807                 0.2494
 Red. masses --      4.5732                 3.1940                 1.4036
 Frequencies --    458.5967               505.4093               549.1826
                      A                      A                      A
                      7                      8                      9
    17   1     0.24  -0.02   0.20     0.26  -0.04   0.03    -0.08  -0.03   0.09
    16   7     0.16   0.02   0.20     0.08  -0.03  -0.09    -0.06  -0.07   0.04
    15   1    -0.11  -0.19  -0.08     0.05  -0.14   0.22     0.18   0.12   0.27
    14   6    -0.07  -0.08  -0.04     0.02  -0.06   0.09     0.08  -0.00   0.10
    13   1    -0.42  -0.08  -0.35    -0.19   0.03   0.11     0.13  -0.12  -0.10
    12   6    -0.22  -0.02  -0.17    -0.10   0.03   0.04     0.06  -0.13  -0.10
    11   1    -0.07   0.08  -0.27    -0.12   0.09   0.41     0.05  -0.17   0.12
    10   1     0.00  -0.03  -0.10    -0.08  -0.06   0.52    -0.06   0.21   0.15
     9   1    -0.11   0.00   0.23     0.02   0.05  -0.15    -0.22   0.06   0.06
     8   1    -0.18   0.07  -0.13    -0.15   0.23  -0.18    -0.04  -0.31  -0.19
     7   6    -0.02   0.13  -0.00    -0.06   0.12  -0.14     0.01  -0.18  -0.11
     6   6     0.09   0.10   0.06     0.04   0.07  -0.16    -0.12  -0.18  -0.07
     5   6     0.01   0.05  -0.16    -0.01   0.04   0.10    -0.10  -0.13  -0.04
     4   8     0.21  -0.07  -0.01     0.05  -0.06   0.10     0.37   0.18   0.17
     3   6    -0.13  -0.04   0.03    -0.04  -0.04  -0.09    -0.03   0.23  -0.03
     2   6     0.02  -0.02  -0.05    -0.01  -0.03   0.19    -0.15   0.12  -0.00
     1   6    -0.08  -0.05   0.16     0.02  -0.02  -0.14    -0.19   0.14  -0.04
  Atom  AN      X      Y      Z        X      Y      Z        X      Y      Z
 IR Inten    --     17.9134                 3.4386                 2.4340
 Frc consts  --      0.2132                 0.1629                 0.5159
 Red. masses --      4.9555                 3.3454                 7.5893
 Frequencies --    270.2423               287.4711               339.6545
                      A                      A                      A
                      4                      5                      6
    17   1     0.07   0.03   0.16    -0.17  -0.20  -0.36     0.11  -0.03  -0.02
    16   7    -0.01   0.03   0.08    -0.13  -0.12  -0.19     0.05  -0.02  -0.05
    15   1    -0.01  -0.03   0.17    -0.25  -0.23  -0.22     0.18   0.02   0.32
    14   6    -0.06  -0.04   0.07    -0.17  -0.13  -0.08     0.12   0.01   0.17
    13   1    -0.13  -0.05  -0.16    -0.14   0.01   0.31     0.12   0.05   0.27
    12   6    -0.10  -0.04  -0.09    -0.11  -0.01   0.20     0.08   0.03   0.14
    11   1     0.01   0.01  -0.28    -0.02   0.04   0.01     0.01  -0.03  -0.32
    10   1    -0.01  -0.06  -0.14    -0.04   0.00   0.10    -0.05  -0.00   0.23
     9   1     0.07  -0.13   0.03     0.05  -0.05   0.01    -0.17   0.00   0.50
     8   1     0.33   0.25   0.29    -0.03   0.19   0.25    -0.04   0.07  -0.10
     7   6    -0.31  -0.07  -0.24    -0.03   0.09   0.23     0.00   0.00  -0.09
     6   6    -0.05   0.07  -0.06    -0.03   0.02   0.02    -0.01  -0.02  -0.18
     5   6     0.03   0.01  -0.01    -0.02   0.05   0.03     0.00  -0.02  -0.19
     4   8    -0.03   0.06   0.01     0.29   0.05  -0.20    -0.06   0.02  -0.21
     3   6     0.51   0.04   0.17     0.15   0.06  -0.03    -0.05   0.00  -0.01
     2   6    -0.04  -0.07  -0.00    -0.02   0.02   0.07    -0.04  -0.01   0.12
     1   6     0.05  -0.02   0.06     0.04  -0.00   0.04    -0.09  -0.01   0.30
  Atom  AN      X      Y      Z        X      Y      Z        X      Y      Z
 IR Inten    --    152.1214                 0.9961                 1.7227
 Frc consts  --      0.7461                 0.0461                 0.0507
 Red. masses --      6.7122                 6.0781                 4.6193
 Frequencies --   -434.3539               113.4966               136.4762
                      A                      A                      A
                      1                      2                      3
 and normal coordinates:
 incident light, reduced masses (AMU), force constants (mDyne/A),
 activities (A**4/AMU), depolarization ratios for plane and unpolarized
 Harmonic frequencies (cm**-1), IR intensities (KM/Mole), Raman scattering
       34.7944915      14.9732663      15.8398800
 Diagonal vibrational polarizability:
 ******    1 imaginary frequencies (negative Signs) ****** 
 Low frequencies ---    6.2747  113.4966  136.4762
 Low frequencies --- -434.3539   -3.8492    0.0006    0.0010    0.0011    3.0958
 Full mass-weighted force constant matrix:
 Calling FoFJK, ICntrl=    100127 FMM=F ISym2X=0 I1Cent= 0 IOpClX= 0 NMat=1 NMatS=1 NMatT=0.
 LDataN:  DoStor=T MaxTD1= 8 Len=  415
 ECPInt:  NShTT=    9591 NPrTT=   29644 LenC2=    9332 LenP2D=   22719.
   1 Symmetry operations used in ECPInt.
 End of Minotr F.D. properties file   788 does not exist.
 End of Minotr F.D. properties file   722 does not exist.
 End of Minotr F.D. properties file   721 does not exist.
 Isotropic polarizability for W=    0.000000      107.96 Bohr**3.
 Solved reduced A of dimension   327 with    54 vectors.
 InvSVY:  IOpt=1 It=  1 EMax= 1.42D-14
      2 vectors produced by pass  8 Test12= 2.05D-14 1.85D-09 XBig12= 1.59D-15 5.46D-09.
      3 vectors produced by pass  7 Test12= 2.05D-14 1.85D-09 XBig12= 2.55D-14 1.80D-08.
     17 vectors produced by pass  6 Test12= 2.05D-14 1.85D-09 XBig12= 2.30D-11 4.86D-07.
     50 vectors produced by pass  5 Test12= 2.05D-14 1.85D-09 XBig12= 1.52D-08 1.13D-05.
     51 vectors produced by pass  4 Test12= 2.05D-14 1.85D-09 XBig12= 6.48D-06 2.76D-04.
     51 vectors produced by pass  3 Test12= 2.05D-14 1.85D-09 XBig12= 2.33D-03 4.98D-03.
     51 vectors produced by pass  2 Test12= 2.05D-14 1.85D-09 XBig12= 6.26D-01 1.02D-01.
     51 vectors produced by pass  1 Test12= 2.05D-14 1.85D-09 XBig12= 5.94D+01 1.25D+00.
 AX will form    51 AO Fock derivatives at one time.
     51 vectors produced by pass  0 Test12= 2.05D-14 1.85D-09 XBig12= 2.39D+02 7.56D+00.
          There are    54 degrees of freedom in the 1st order CPHF.  IDoFFX=6 NUNeed=     3.
 CalDSu exits because no D1Ps are significant.
          Differentiating once with respect to nuclear coordinates.
                with respect to dipole field.
          Differentiating once with respect to electric field.
          IDoAtm=11111111111111111
 End of G2Drv F.D. properties file   788 does not exist.
 End of G2Drv F.D. properties file   722 does not exist.
 End of G2Drv F.D. properties file   721 does not exist.
 Calling FoFCou, ICntrl=  3107 FMM=F I1Cent=   0 AccDes= 0.00D+00.
 G2DrvN: will do    18 centers at a time, making    1 passes.
 IMax=3 JMax=2 DiffMx= 0.00D+00
 Symmetrizing basis deriv contribution to polar:
 LDataN:  DoStor=T MaxTD1= 7 Len=  274
 ECPInt:  NShTT=    9591 NPrTT=   29644 LenC2=    9332 LenP2D=   22719.
   1 Symmetry operations used in ECPInt.

 **** Warning!!: The largest alpha MO coefficient is  0.28080074D+02

 NROrb=    352 NOA=    35 NOB=    35 NVA=   317 NVB=   317
 NBasis=   352 NAE=    35 NBE=    35 NFC=     0 NFV=     0
 Range of M.O.s used for correlation:     1   352
 DoSCS=F DFT=T ScalE2(SS,OS)=  1.000000  1.000000
            NFock=  1  Conv=0.44D-08     -V/T= 2.0049
 SCF Done:  E(RB3LYP) =  -439.135085167     A.U. after    1 cycles
 No special actions if energy rises.
 Requested convergence on             energy=1.00D-06.
 Requested convergence on MAX density matrix=1.00D-06.
 Requested convergence on RMS density matrix=1.00D-08 within 128 cycles.
         Rot=    1.000000   -0.000000   -0.000000    0.000000 Ang=   0.00 deg.
 B after Tr=    -0.000000    0.000000    0.000000
 Initial guess from the checkpoint file:  "checkpoint.chk"
 NBsUse=   352 1.00D-06 EigRej= -1.00D+00 NBFU=   352
 NBasis=   352 RedAO= T EigKep=  3.58D-05  NBF=   352
 LDataN:  DoStor=T MaxTD1= 6 Len=  172
 ECPInt:  NShTT=    9591 NPrTT=   29644 LenC2=    9332 LenP2D=   22719.
   1 Symmetry operations used in ECPInt.
 One-electron integrals computed using PRISM.
 Two-electron integral symmetry is turned on.
 Raffenetti 2 integral format.
 Integral buffers will be    131072 words long.
 NAtoms=   17 NActive=   17 NUniq=   17 SFac= 1.00D+00 NAtFMM=   60 NAOKFM=F Big=F
       nuclear repulsion energy       480.1692829386 Hartrees.
    35 alpha electrons       35 beta electrons
   352 basis functions,   566 primitive gaussians,   402 cartesian basis functions
 There are   352 symmetry adapted basis functions of A   symmetry.
 There are   402 symmetry adapted cartesian basis functions of A   symmetry.
 Standard basis: def2TZVP (5D, 7F)
 Rotational constants (GHZ):           2.1586789           1.3713931           0.8800754
 ---------------------------------------------------------------------
     17          1           0        2.337947    1.576578   -0.827683
     16          7           0        1.934734    0.804126   -0.324952
     15          1           0        3.443712   -0.679899   -0.696295
     14          6           0        2.462660   -0.482820   -0.298308
     13          1           0        1.686804   -2.363491    0.464853
     12          6           0        1.555541   -1.311352    0.276878
     11          1           0        0.083412    2.905087    0.143806
     10          1           0       -2.266022    2.397675   -0.074004
      9          1           0       -3.165113    0.223793   -0.517520
      8          1           0       -0.196370   -0.703786    1.496801
      7          6           0        0.395132   -0.518422    0.608381
      6          6           0        0.682270    0.808678    0.207997
      5          6           0       -0.248195    1.876260    0.182657
      4          8           0       -1.651877   -2.096509   -0.241518
      3          6           0       -1.503292   -0.930096   -0.149172
      2          6           0       -1.572729    1.569510    0.021022
      1          6           0       -2.146803    0.286113   -0.146647
